1;7.1.1981;3;13;18;36;38
2;14.1.1981;14;15;30;38;40
3;21.1.1981;6;23;26;38;42
4;28.1.1981;2;5;10;34;39
5;4.2.1981;5;10;17;26;40
6;11.2.1981;2;14;19;26;30
7;18.2.1981;10;14;23;31;32
8;25.2.1981;1;23;35;37;42
9;4.3.1981;9;12;20;27;41
10;11.3.1981;11;15;22;32;33
11;18.3.1981;6;9;24;26;35
12;25.3.1981;1;14;19;20;29
13;1.4.1981;12;26;34;41;42
14;8.4.1981;2;7;20;21;32
15;15.4.1981;16;19;28;30;33
16;22.4.1981;3;13;22;24;32
17;29.4.1981;2;10;18;29;36
18;6.5.1981;21;26;28;34;42
19;13.5.1981;3;13;30;36;40
20;20.5.1981;7;11;16;24;37
21;27.5.1981;10;11;21;22;38
22;3.6.1981;6;20;26;34;38
23;10.6.1981;3;5;24;27;30
24;17.6.1981;7;10;17;18;28
25;24.6.1981;2;7;23;34;40
26;1.7.1981;6;10;25;26;35
27;8.7.1981;5;7;25;27;29
28;15.7.1981;15;20;26;40;41
29;22.7.1981;4;13;31;34;35
30;29.7.1981;15;24;29;30;37
31;5.8.1981;1;5;8;30;36
32;12.8.1981;2;5;7;9;35
33;19.8.1981;5;20;23;34;40
34;26.8.1981;5;13;18;33;36
35;2.9.1981;9;30;34;35;42
36;9.9.1981;19;31;32;34;40
37;16.9.1981;18;28;31;34;36
38;23.9.1981;2;6;16;20;30
39;30.9.1981;1;15;17;26;31
40;7.10.1981;11;16;21;35;42
41;14.10.1981;11;15;16;21;41
42;21.10.1981;3;7;25;31;33
43;28.10.1981;14;25;33;37;40
44;4.11.1981;6;12;17;22;29
45;11.11.1981;15;17;21;23;32
46;18.11.1981;7;9;11;17;26
47;25.11.1981;6;9;16;24;25
48;2.12.1981;5;6;25;28;37
49;9.12.1981;12;16;36;41;42
50;16.12.1981;5;9;16;23;41
51;23.12.1981;21;23;33;38;42
52;30.12.1981;5;9;15;35;37
53;6.1.1982;3;6;20;30;34
54;13.1.1982;2;15;26;30;41
55;20.1.1982;1;3;15;25;26
56;27.1.1982;15;26;27;28;29
57;3.2.1982;21;27;29;33;37
58;10.2.1982;5;14;27;32;37
59;17.2.1982;9;13;31;38;40
60;24.2.1982;6;13;22;28;31
61;3.3.1982;2;4;30;35;36
62;10.3.1982;4;20;23;36;39
63;17.3.1982;4;6;14;33;37
64;24.3.1982;1;7;18;29;40
65;31.3.1982;7;11;23;32;38
66;7.4.1982;4;13;18;21;32
67;14.4.1982;8;12;16;23;40
68;21.4.1982;27;28;35;38;39
69;28.4.1982;14;17;23;35;40
70;5.5.1982;8;13;15;26;39
71;12.5.1982;1;3;4;10;37
72;19.5.1982;11;16;20;23;26
73;26.5.1982;9;18;19;26;42
74;2.6.1982;9;12;13;20;32
75;9.6.1982;17;18;29;30;33
76;16.6.1982;11;14;17;24;29
77;23.6.1982;21;24;29;30;41
78;30.6.1982;5;25;39;40;42
79;7.7.1982;3;10;11;13;21
80;14.7.1982;19;23;24;28;39
81;21.7.1982;9;13;15;19;29
82;28.7.1982;6;8;12;24;25
83;4.8.1982;3;17;20;32;37
84;11.8.1982;9;11;25;31;34
85;18.8.1982;5;20;28;33;37
86;25.8.1982;14;15;22;30;38
87;1.9.1982;5;6;13;15;34
88;8.9.1982;9;18;22;29;33
89;15.9.1982;6;10;31;32;42
90;22.9.1982;5;8;10;28;39
91;29.9.1982;6;14;24;25;31
92;6.10.1982;18;19;22;34;39
93;13.10.1982;4;6;12;16;39
94;20.10.1982;6;10;13;22;29
95;27.10.1982;4;6;10;32;38
96;3.11.1982;3;9;21;34;37
97;10.11.1982;8;11;12;14;30
98;17.11.1982;16;18;28;37;39
99;24.11.1982;3;9;12;16;19
100;1.12.1982;3;12;23;38;39
101;8.12.1982;8;17;26;33;41
102;15.12.1982;20;28;30;37;40
103;22.12.1982;13;18;34;37;41
104;29.12.1982;9;11;15;16;21
105;5.1.1983;5;8;29;39;40
106;12.1.1983;6;15;30;33;38
107;19.1.1983;2;27;33;39;41
108;26.1.1983;5;12;21;26;36
109;2.2.1983;1;8;17;27;38
110;9.2.1983;18;32;35;38;40
111;16.2.1983;10;12;15;22;29
112;23.2.1983;15;17;19;32;36
113;2.3.1983;2;10;20;27;34
114;9.3.1983;7;9;18;21;24
115;16.3.1983;3;24;30;31;32
116;23.3.1983;11;15;16;21;38
117;30.3.1983;10;13;19;20;29
118;6.4.1983;8;10;15;19;20
119;13.4.1983;12;18;23;30;33
120;20.4.1983;6;9;14;34;38
121;27.4.1983;2;14;16;21;34
122;4.5.1983;13;17;30;33;37
123;11.5.1983;4;6;22;26;38
124;18.5.1983;17;20;24;28;38
125;25.5.1983;15;20;22;24;30
126;1.6.1983;13;20;23;36;42
127;8.6.1983;15;21;34;36;39
128;15.6.1983;7;9;10;17;42
129;22.6.1983;6;16;18;23;35
130;29.6.1983;4;19;25;29;41
131;6.7.1983;3;14;23;31;34
132;13.7.1983;2;3;15;21;38
133;20.7.1983;1;3;6;26;35
134;27.7.1983;5;8;9;11;42
135;3.8.1983;3;5;22;29;31
136;10.8.1983;12;14;26;37;40
137;17.8.1983;6;15;30;35;36
138;24.8.1983;3;7;20;30;42
139;31.8.1983;1;9;10;13;35
140;7.9.1983;5;7;10;31;35
141;14.9.1983;12;22;23;29;31
142;21.9.1983;5;7;18;24;32
143;28.9.1983;6;10;11;18;29
144;5.10.1983;12;18;24;25;39
145;12.10.1983;3;20;28;30;38
146;19.10.1983;4;7;33;35;36
147;26.10.1983;9;11;17;37;42
148;2.11.1983;11;13;29;30;39
149;9.11.1983;2;7;18;20;33
150;16.11.1983;26;28;35;40;42
151;23.11.1983;2;9;16;22;37
152;30.11.1983;1;7;26;27;31
153;7.12.1983;4;6;13;16;20
154;14.12.1983;10;18;21;25;35
155;21.12.1983;4;6;8;35;42
156;28.12.1983;7;12;20;21;36
157;4.1.1984;8;15;25;30;40
158;11.1.1984;3;12;13;25;30
159;18.1.1984;3;15;21;37;38
160;25.1.1984;16;17;18;34;35
161;1.2.1984;5;9;34;39;41
162;8.2.1984;1;2;15;16;31
163;15.2.1984;2;5;8;19;33
164;22.2.1984;6;20;25;37;41
165;29.2.1984;6;14;32;36;40
166;7.3.1984;6;7;18;25;40
167;14.3.1984;11;29;40;41;42
168;21.3.1984;3;7;10;27;36
169;28.3.1984;22;25;26;30;36
170;4.4.1984;18;19;33;36;42
171;11.4.1984;10;11;27;34;36
172;18.4.1984;25;32;33;37;38
173;25.4.1984;20;31;33;36;37
174;2.5.1984;22;27;32;34;42
175;9.5.1984;11;16;22;26;37
176;16.5.1984;13;20;28;30;35
177;23.5.1984;1;5;14;34;41
178;30.5.1984;6;8;19;21;42
179;6.6.1984;2;20;21;23;29
180;13.6.1984;3;14;15;16;17
181;20.6.1984;15;21;22;29;40
182;27.6.1984;10;13;14;22;34
183;4.7.1984;3;6;18;19;27
184;11.7.1984;6;8;23;26;35
185;18.7.1984;2;10;13;23;39
186;25.7.1984;5;16;21;33;40
187;1.8.1984;17;20;25;31;32
188;8.8.1984;5;12;17;24;32
189;15.8.1984;11;16;18;32;42
190;22.8.1984;2;23;27;34;38
191;29.8.1984;10;16;29;35;42
192;5.9.1984;2;8;16;30;36
193;12.9.1984;3;4;18;26;37
194;19.9.1984;2;5;17;22;36
195;26.9.1984;7;15;16;19;39
196;3.10.1984;7;18;19;24;40
197;10.10.1984;18;26;28;37;42
198;17.10.1984;3;8;20;21;31
199;24.10.1984;4;19;22;24;29
200;31.10.1984;1;5;12;16;40
201;7.11.1984;13;25;32;35;39
202;14.11.1984;2;7;9;12;17
203;21.11.1984;3;14;23;35;41
204;28.11.1984;3;11;19;34;37
205;5.12.1984;3;9;13;25;32
206;12.12.1984;6;8;9;16;37
207;19.12.1984;1;7;15;27;42
208;26.12.1984;3;13;20;26;41
209;2.1.1985;2;5;19;36;42
210;9.1.1985;6;9;21;31;37
211;16.1.1985;1;4;9;14;17
212;23.1.1985;13;28;31;34;35
213;30.1.1985;5;25;28;31;33
214;6.2.1985;19;22;26;30;31
215;13.2.1985;2;10;12;16;27
216;20.2.1985;10;17;23;33;41
217;27.2.1985;3;6;7;23;24
218;6.3.1985;2;21;22;31;42
219;13.3.1985;6;15;29;30;34
220;20.3.1985;1;11;17;24;37
221;27.3.1985;14;26;29;38;39
222;3.4.1985;2;26;29;37;39
223;10.4.1985;10;30;31;39;42
224;17.4.1985;3;13;17;31;38
225;24.4.1985;1;5;6;30;41
226;1.5.1985;5;7;14;19;32
227;8.5.1985;4;9;18;19;27
228;15.5.1985;20;21;26;37;38
229;22.5.1985;12;19;30;33;34
230;29.5.1985;10;12;13;16;23
231;5.6.1985;1;11;13;21;37
232;12.6.1985;1;14;20;33;40
233;19.6.1985;5;19;22;23;29
234;26.6.1985;19;31;34;37;41
235;3.7.1985;8;9;18;27;41
236;10.7.1985;7;11;21;32;42
237;17.7.1985;1;11;18;20;21
238;24.7.1985;4;19;32;35;40
239;31.7.1985;10;13;14;27;42
240;7.8.1985;6;10;14;27;41
241;14.8.1985;4;11;20;23;32
242;21.8.1985;20;22;28;34;42
243;28.8.1985;8;18;25;28;38
244;4.9.1985;1;33;34;35;36
245;11.9.1985;4;8;17;23;41
246;18.9.1985;6;12;20;24;27
247;25.9.1985;2;3;5;30;33
248;2.10.1985;14;15;24;27;42
249;9.10.1985;7;11;12;17;27
250;16.10.1985;9;13;16;21;28
251;23.10.1985;4;10;13;36;40
252;30.10.1985;11;15;19;26;40
253;6.11.1985;15;21;26;28;34
254;13.11.1985;21;22;25;32;39
255;20.11.1985;3;4;12;20;34
256;27.11.1985;4;6;11;34;42
257;4.12.1985;13;23;36;38;40
258;11.12.1985;17;19;20;21;39
259;18.12.1985;15;25;26;27;29
260;25.12.1985;6;12;16;23;26
261;1.1.1986;1;15;19;21;39
262;8.1.1986;1;10;25;31;38
263;15.1.1986;1;4;5;33;42
264;22.1.1986;15;21;23;28;35
265;29.1.1986;8;10;28;32;34
266;5.2.1986;3;5;19;33;35
267;12.2.1986;2;5;8;10;38
268;19.2.1986;2;22;26;28;39
269;26.2.1986;7;18;20;25;35
270;5.3.1986;2;4;21;29;36
271;12.3.1986;6;11;18;27;36
272;19.3.1986;9;21;23;29;37
273;26.3.1986;6;7;12;28;32
274;2.4.1986;5;16;28;35;37
275;9.4.1986;17;24;30;31;32
276;16.4.1986;12;30;34;37;40
277;23.4.1986;1;7;25;39;42
278;30.4.1986;10;11;12;25;34
279;7.5.1986;1;6;15;16;19
280;14.5.1986;6;9;15;16;34
281;21.5.1986;2;4;5;13;18
282;28.5.1986;11;13;18;22;23
283;4.6.1986;8;9;11;15;29
284;11.6.1986;4;16;17;26;32
285;18.6.1986;1;27;28;31;34
286;25.6.1986;10;18;23;38;39
287;2.7.1986;1;7;23;36;37
288;9.7.1986;2;4;13;16;26
289;16.7.1986;4;14;27;32;35
290;23.7.1986;5;14;24;32;37
291;30.7.1986;13;15;17;26;40
292;6.8.1986;7;13;19;20;38
293;13.8.1986;5;8;27;36;38
294;20.8.1986;6;25;31;34;42
295;27.8.1986;7;8;26;36;42
296;3.9.1986;6;23;24;35;42
297;10.9.1986;16;18;22;37;39
298;17.9.1986;4;17;18;22;32
299;24.9.1986;1;6;12;13;31
300;1.10.1986;18;27;28;38;42
301;8.10.1986;16;20;23;29;31
302;15.10.1986;11;14;15;28;30
303;22.10.1986;4;8;19;32;36
304;29.10.1986;3;14;26;30;41
305;5.11.1986;3;16;18;36;37
306;12.11.1986;14;15;20;27;28
307;19.11.1986;5;9;10;23;28
308;29.11.1986;11;12;23;38;41
309;3.12.1986;10;14;25;29;37
310;10.12.1986;18;24;31;34;42
311;17.12.1986;1;25;33;40;42
312;24.12.1986;11;12;28;36;37
313;31.12.1986;9;13;18;24;28
314;7.1.1987;14;16;22;25;32
315;14.1.1987;7;11;12;38;39
316;21.1.1987;19;24;32;34;39
317;28.1.1987;1;3;8;14;28
318;4.2.1987;6;14;18;22;35
319;11.2.1987;6;22;26;29;33
320;18.2.1987;2;3;5;16;31
321;25.2.1987;1;3;10;12;29
322;4.3.1987;14;21;23;25;31
323;11.3.1987;16;23;26;30;41
324;18.3.1987;11;12;23;24;35
325;25.3.1987;12;23;26;28;40
326;1.4.1987;1;24;29;31;41
327;8.4.1987;2;4;14;19;21
328;15.4.1987;4;26;32;33;36
329;22.4.1987;7;10;11;17;35
330;29.4.1987;1;3;6;10;26
331;6.5.1987;4;11;18;35;36
332;13.5.1987;1;13;15;24;28
333;20.5.1987;2;14;20;27;35
334;27.5.1987;3;8;11;25;33
335;3.6.1987;19;31;35;38;39
336;10.6.1987;21;22;25;30;40
337;17.6.1987;7;8;19;32;34
338;24.6.1987;4;12;27;37;38
339;1.7.1987;9;11;15;18;27
340;8.7.1987;4;5;17;20;26
341;15.7.1987;17;20;27;31;33
342;22.7.1987;3;8;15;17;18
343;29.7.1987;2;7;25;32;38
344;5.8.1987;10;15;26;31;42
345;12.8.1987;5;22;26;30;36
346;19.8.1987;3;10;15;25;28
347;26.8.1987;5;11;16;38;39
348;2.9.1987;14;18;21;25;26
349;9.9.1987;8;15;20;22;23
350;16.9.1987;9;10;28;30;40
351;23.9.1987;2;4;15;20;29
352;30.9.1987;2;3;17;34;42
353;7.10.1987;2;10;20;32;39
354;14.10.1987;6;12;24;31;40
355;21.10.1987;3;15;18;29;36
356;28.10.1987;4;10;13;16;31
357;4.11.1987;22;25;28;35;40
358;11.11.1987;3;25;26;31;40
359;18.11.1987;4;6;9;17;38
360;25.11.1987;8;16;17;18;24
361;2.12.1987;9;14;20;21;32
362;9.12.1987;2;9;21;25;37
363;16.12.1987;10;24;25;28;37
364;23.12.1987;6;13;17;30;34
365;30.12.1987;1;6;22;28;35
366;6.1.1988;1;6;28;34;37
367;13.1.1988;13;27;29;36;37
368;20.1.1988;2;10;31;40;41
369;27.1.1988;16;18;22;31;35
370;3.2.1988;3;7;10;14;27
371;10.2.1988;4;7;32;34;41
372;17.2.1988;4;12;16;17;41
373;24.2.1988;1;2;25;29;32
374;2.3.1988;10;28;30;33;36
375;9.3.1988;4;12;17;27;29
376;19.3.1988;4;5;24;26;37
377;23.3.1988;2;7;24;31;38
378;30.3.1988;21;22;27;28;40
379;6.4.1988;2;5;9;10;42
380;13.4.1988;18;29;31;40;41
381;20.4.1988;6;13;18;19;33
382;27.4.1988;7;30;36;37;41
383;4.5.1988;2;3;20;22;34
384;11.5.1988;9;11;33;35;36
385;18.5.1988;11;12;19;26;38
386;25.5.1988;8;24;31;37;39
387;1.6.1988;4;18;26;32;34
388;8.6.1988;1;7;31;33;40
389;15.6.1988;1;2;12;25;26
390;22.6.1988;5;15;16;22;35
391;29.6.1988;24;28;29;30;32
392;6.7.1988;2;4;8;31;34
393;13.7.1988;2;7;15;21;35
394;20.7.1988;11;15;21;25;29
395;27.7.1988;2;3;4;16;35
396;3.8.1988;7;17;24;28;37
397;10.8.1988;1;15;20;28;42
398;17.8.1988;8;11;13;21;27
399;24.8.1988;10;18;32;35;36
400;31.8.1988;4;6;25;26;28
401;7.9.1988;3;5;19;26;30
402;14.9.1988;7;16;21;27;29
403;21.9.1988;6;13;16;30;42
404;28.9.1988;6;12;26;36;41
405;5.10.1988;13;18;19;25;29
406;12.10.1988;4;10;17;26;34
407;19.10.1988;4;13;24;28;39
408;26.10.1988;17;19;20;22;29
409;2.11.1988;8;10;22;23;29
410;9.11.1988;4;21;28;37;40
411;16.11.1988;5;8;9;26;33
412;23.11.1988;1;9;17;27;41
413;30.11.1988;2;6;7;28;33
414;7.12.1988;17;20;22;27;28
415;14.12.1988;16;19;26;28;33
416;21.12.1988;2;16;21;31;35
417;28.12.1988;1;17;35;39;41
418;4.1.1989;6;17;23;24;33
419;11.1.1989;7;15;22;37;39
420;18.1.1989;4;5;27;29;32
421;25.1.1989;15;19;21;40;42
422;1.2.1989;10;13;20;26;30
423;8.2.1989;5;12;31;34;38
424;15.2.1989;6;14;19;22;27
425;22.2.1989;6;19;27;38;41
426;1.3.1989;3;5;8;22;28
427;8.3.1989;2;9;12;18;42
428;15.3.1989;2;3;10;35;41
429;22.3.1989;10;18;21;25;26
430;29.3.1989;2;3;28;32;34
431;5.4.1989;2;11;17;18;30
432;12.4.1989;10;13;23;24;28
433;19.4.1989;6;18;23;28;30
434;26.4.1989;6;7;10;19;25
435;3.5.1989;1;11;16;19;37
436;10.5.1989;8;17;34;35;37
437;17.5.1989;5;11;20;25;40
438;24.5.1989;16;20;30;40;41
439;31.5.1989;11;12;23;27;38
440;7.6.1989;2;7;8;23;39
441;14.6.1989;9;21;25;36;42
442;21.6.1989;2;4;7;31;36
443;28.6.1989;5;11;22;30;33
444;5.7.1989;19;24;26;39;42
445;12.7.1989;4;6;18;20;27
446;19.7.1989;10;24;29;33;36
447;26.7.1989;6;14;23;35;41
448;2.8.1989;12;13;14;33;35
449;9.8.1989;6;19;22;23;24
450;16.8.1989;16;20;21;23;36
451;23.8.1989;6;18;24;27;38
452;30.8.1989;9;15;26;33;40
453;6.9.1989;12;18;28;37;42
454;13.9.1989;16;30;32;34;37
455;20.9.1989;5;6;19;22;24
456;27.9.1989;10;14;15;29;30
457;11.10.1989;5;6;23;31;34
458;18.10.1989;16;21;26;28;29
459;25.10.1989;11;20;26;36;38
460;1.11.1989;6;15;16;17;32
461;8.11.1989;5;8;21;36;40
462;15.11.1989;9;13;26;31;36
463;22.11.1989;2;5;12;17;27
464;29.11.1989;1;8;9;22;30
465;6.12.1989;11;16;21;27;32
466;13.12.1989;1;11;28;34;41
467;20.12.1989;8;17;26;39;40
468;27.12.1989;8;15;21;28;42
469;3.1.1990;17;19;23;26;34
470;10.1.1990;9;21;24;26;33
471;17.1.1990;2;8;27;31;32
472;24.1.1990;6;7;9;19;24
473;31.1.1990;23;24;32;38;41
474;7.2.1990;3;33;34;37;40
475;14.2.1990;2;24;33;34;39
476;21.2.1990;5;8;18;22;35
477;28.2.1990;22;24;32;34;36
478;7.3.1990;10;22;25;28;30
479;14.3.1990;2;3;4;8;15
480;21.3.1990;16;22;34;39;42
481;28.3.1990;23;24;29;34;35
482;4.4.1990;13;15;28;30;31
483;11.4.1990;6;7;19;25;30
484;18.4.1990;2;4;20;26;39
485;25.4.1990;16;17;31;34;38
486;2.5.1990;5;9;20;33;35
487;9.5.1990;15;16;17;19;33
488;16.5.1990;13;16;25;30;39
489;23.5.1990;18;21;27;29;31
490;30.5.1990;8;17;18;33;41
491;6.6.1990;1;17;20;33;41
492;13.6.1990;12;17;20;34;36
493;20.6.1990;4;5;17;36;40
494;27.6.1990;15;16;21;33;36
495;4.7.1990;3;8;10;19;41
496;11.7.1990;2;4;17;22;27
497;18.7.1990;9;15;18;25;31
498;25.7.1990;16;21;24;30;38
499;1.8.1990;7;18;29;30;40
500;8.8.1990;2;19;26;27;39
501;15.8.1990;1;2;27;33;39
502;22.8.1990;3;7;17;28;38
503;29.8.1990;13;16;28;31;35
504;5.9.1990;2;6;31;33;35
505;12.9.1990;1;4;10;24;30
506;19.9.1990;8;17;24;38;42
507;26.9.1990;3;8;10;27;42
508;3.10.1990;15;16;17;20;27
509;10.10.1990;13;16;22;29;37
510;17.10.1990;1;9;23;24;31
511;24.10.1990;4;17;19;24;33
512;31.10.1990;3;12;22;26;31
513;7.11.1990;19;27;31;33;37
514;14.11.1990;7;18;22;31;42
515;21.11.1990;3;18;19;21;28
516;28.11.1990;5;12;22;36;38
517;5.12.1990;8;12;24;31;35
518;12.12.1990;4;5;9;19;25
519;19.12.1990;4;5;16;32;42
520;26.12.1990;7;8;16;36;42
521;2.1.1991;1;7;18;33;42
522;9.1.1991;3;12;17;30;37
523;16.1.1991;5;10;22;38;40
524;23.1.1991;15;16;20;27;30
525;30.1.1991;1;3;8;12;35
526;6.2.1991;4;21;28;29;41
527;13.2.1991;16;17;24;37;42
528;20.2.1991;17;20;30;33;37
529;27.2.1991;13;22;29;32;41
530;6.3.1991;1;26;27;40;41
531;13.3.1991;13;17;25;28;41
532;20.3.1991;3;11;32;36;39
533;27.3.1991;13;34;36;39;40
534;3.4.1991;2;19;25;29;39
535;10.4.1991;1;5;10;36;39
536;17.4.1991;2;5;22;26;41
537;24.4.1991;1;14;19;33;39
538;1.5.1991;6;9;11;17;31
539;8.5.1991;2;10;27;38;41
540;15.5.1991;2;24;27;41;42
541;22.5.1991;13;25;26;28;37
542;29.5.1991;20;21;23;35;42
543;5.6.1991;4;5;9;11;20
544;12.6.1991;7;12;21;31;36
545;19.6.1991;9;11;20;33;40
546;26.6.1991;3;13;18;20;32
547;3.7.1991;13;21;22;25;28
548;10.7.1991;10;22;29;35;36
549;17.7.1991;14;29;35;37;38
550;24.7.1991;2;14;19;40;42
551;31.7.1991;11;24;37;41;42
552;7.8.1991;5;10;14;32;34
553;14.8.1991;6;15;17;30;41
554;21.8.1991;10;13;29;38;41
555;28.8.1991;5;17;24;26;38
556;4.9.1991;27;34;36;40;42
557;11.9.1991;22;28;32;37;42
558;18.9.1991;12;21;23;25;40
559;25.9.1991;2;3;21;27;31
560;2.10.1991;1;8;10;21;25
561;9.10.1991;2;5;15;17;21
562;16.10.1991;2;14;29;39;42
563;23.10.1991;21;28;30;31;34
564;30.10.1991;12;19;21;28;33
565;6.11.1991;20;21;33;37;41
566;13.11.1991;2;12;18;37;39
567;20.11.1991;1;5;9;15;40
568;27.11.1991;1;6;10;40;41
569;4.12.1991;20;21;33;35;41
570;11.12.1991;1;2;6;14;40
571;18.12.1991;1;5;13;31;38
572;25.12.1991;15;22;26;29;31
573;1.1.1992;10;28;35;39;42
574;8.1.1992;3;8;13;19;23
575;15.1.1992;10;13;27;28;30
576;22.1.1992;1;14;20;24;32
577;29.1.1992;6;11;12;34;40
578;5.2.1992;1;3;6;12;18
579;12.2.1992;16;22;32;35;38
580;19.2.1992;5;11;17;30;39
581;26.2.1992;1;9;23;27;39
582;4.3.1992;4;18;24;36;38
583;11.3.1992;9;12;14;21;30
584;18.3.1992;6;9;23;34;35
585;25.3.1992;7;12;17;18;35
586;1.4.1992;21;33;34;35;40
587;8.4.1992;2;17;18;27;35
588;15.4.1992;11;12;17;23;24
589;22.4.1992;13;21;23;26;42
590;29.4.1992;12;16;26;33;42
591;6.5.1992;9;18;20;40;41
592;13.5.1992;3;5;16;22;39
593;20.5.1992;11;12;26;29;37
594;27.5.1992;10;19;23;27;33
595;3.6.1992;2;6;15;24;30
596;10.6.1992;4;15;20;30;38
597;17.6.1992;6;20;24;26;35
598;24.6.1992;1;9;29;31;32
599;1.7.1992;6;19;26;28;35
600;8.7.1992;16;19;20;21;40
601;15.7.1992;8;20;29;37;42
602;22.7.1992;9;19;20;21;36
603;29.7.1992;9;17;21;28;31
604;5.8.1992;6;7;19;24;29
605;12.8.1992;2;5;30;40;41
606;19.8.1992;11;16;19;23;27
607;26.8.1992;5;14;16;23;33
608;2.9.1992;10;13;20;36;40
609;9.9.1992;1;15;19;26;39
610;16.9.1992;13;15;19;27;32
611;23.9.1992;2;5;16;23;40
612;30.9.1992;3;8;20;36;42
613;7.10.1992;1;3;26;33;36
614;14.10.1992;12;20;23;24;36
615;21.10.1992;2;7;18;26;27
616;28.10.1992;1;12;17;19;34
617;4.11.1992;3;12;13;21;32
618;11.11.1992;8;9;12;28;38
619;18.11.1992;2;3;8;30;33
620;25.11.1992;9;10;30;35;36
621;2.12.1992;1;2;4;24;40
622;9.12.1992;8;19;21;28;33
623;16.12.1992;9;11;13;31;38
624;23.12.1992;3;17;21;22;25
625;30.12.1992;5;10;22;24;26
626;6.1.1993;13;14;32;34;42
627;13.1.1993;11;13;14;19;28
628;20.1.1993;5;33;35;36;37
629;27.1.1993;6;10;23;31;39
630;3.2.1993;8;26;33;34;37
631;10.2.1993;14;24;33;34;38
632;17.2.1993;3;10;18;21;26
633;24.2.1993;14;15;23;36;38
634;3.3.1993;1;13;28;33;38
635;10.3.1993;2;7;12;23;41
636;17.3.1993;4;10;19;31;33
637;24.3.1993;2;3;25;33;42
638;31.3.1993;2;20;24;39;42
639;7.4.1993;7;12;32;38;40
640;14.4.1993;5;11;13;25;30
641;21.4.1993;5;9;22;29;30
642;28.4.1993;6;12;30;32;42
643;5.5.1993;11;16;17;35;42
644;12.5.1993;5;11;15;39;40
645;19.5.1993;7;8;11;23;27
646;26.5.1993;8;27;29;31;36
647;2.6.1993;4;18;30;32;37
648;9.6.1993;2;6;9;15;29
649;16.6.1993;2;9;17;26;36
650;23.6.1993;4;13;18;19;29
651;30.6.1993;8;12;14;24;37
652;7.7.1993;2;7;14;19;31
653;14.7.1993;13;25;29;38;41
654;21.7.1993;3;6;8;26;27
655;28.7.1993;7;18;27;35;41
656;4.8.1993;6;13;19;25;31
657;11.8.1993;8;19;30;33;41
658;18.8.1993;11;18;19;25;35
659;25.8.1993;4;9;12;16;20
660;1.9.1993;11;16;24;28;38
661;8.9.1993;7;21;25;29;35
662;15.9.1993;6;13;17;24;36
663;22.9.1993;10;13;31;35;37
664;29.9.1993;27;30;37;40;41
665;6.10.1993;18;19;29;31;41
666;13.10.1993;2;23;30;34;40
667;20.10.1993;2;3;12;15;21
668;27.10.1993;12;24;29;30;33
669;3.11.1993;18;19;23;25;29
670;10.11.1993;10;13;21;23;32
671;17.11.1993;2;5;6;13;21
672;24.11.1993;6;8;9;11;21
673;1.12.1993;11;23;30;37;42
674;8.12.1993;13;15;16;19;33
675;15.12.1993;5;23;27;32;40
676;22.12.1993;3;20;31;34;35
677;29.12.1993;2;8;18;24;32
678;5.1.1994;5;11;19;30;31
679;12.1.1994;4;6;15;35;36
680;19.1.1994;20;25;31;32;36
681;26.1.1994;2;32;34;36;42
682;2.2.1994;7;16;25;32;41
683;9.2.1994;8;20;28;37;40
684;16.2.1994;21;29;33;35;42
685;23.2.1994;8;11;19;20;34
686;2.3.1994;7;12;13;15;40
687;9.3.1994;7;24;32;36;41
688;16.3.1994;12;27;33;35;37
689;23.3.1994;3;4;17;23;37
690;30.3.1994;4;8;11;18;28
691;6.4.1994;18;27;31;34;36
692;13.4.1994;2;10;14;18;28
693;20.4.1994;4;7;24;30;35
694;27.4.1994;6;15;38;40;41
695;4.5.1994;3;8;14;19;32
696;11.5.1994;1;8;10;33;34
697;18.5.1994;6;18;20;27;33
698;25.5.1994;13;14;15;23;39
699;1.6.1994;1;9;11;33;39
700;8.6.1994;13;14;18;25;40
701;15.6.1994;4;21;23;25;27
702;22.6.1994;10;18;27;30;41
703;29.6.1994;3;12;27;36;41
704;6.7.1994;11;15;18;25;31
705;13.7.1994;15;29;30;32;41
706;20.7.1994;11;16;26;37;39
707;27.7.1994;5;6;11;17;42
708;3.8.1994;8;14;18;26;41
709;10.8.1994;5;17;22;30;40
710;17.8.1994;8;21;25;33;36
711;24.8.1994;17;21;23;27;30
712;31.8.1994;2;16;23;30;37
713;7.9.1994;4;15;17;36;37
714;14.9.1994;7;18;29;32;35
715;21.9.1994;17;19;20;30;31
716;28.9.1994;16;19;20;23;37
717;5.10.1994;2;5;15;33;36
718;12.10.1994;3;23;31;37;38
719;19.10.1994;2;5;6;10;41
720;26.10.1994;17;27;31;35;41
721;2.11.1994;7;11;20;21;32
722;9.11.1994;2;9;28;29;36
723;16.11.1994;9;15;16;24;28
724;23.11.1994;3;17;25;28;40
725;30.11.1994;2;6;13;23;42
726;7.12.1994;7;8;10;17;22
727;14.12.1994;6;17;25;38;41
728;21.12.1994;25;29;31;32;34
729;28.12.1994;5;22;26;28;42
730;4.1.1995;1;8;22;34;40
731;7.1.1995;1;4;22;35;41
732;11.1.1995;5;11;20;22;36
733;14.1.1995;7;9;15;28;33
734;18.1.1995;15;19;30;31;32
735;21.1.1995;5;11;17;21;38
736;25.1.1995;4;13;14;31;41
737;28.1.1995;5;7;20;29;37
738;1.2.1995;4;7;27;38;41
739;4.2.1995;2;4;17;35;37
740;8.2.1995;2;3;17;20;41
741;11.2.1995;6;11;17;34;38
742;15.2.1995;4;6;16;30;39
743;18.2.1995;1;12;22;35;36
744;22.2.1995;6;7;23;27;28
745;25.2.1995;10;13;27;28;33
746;1.3.1995;4;9;21;35;41
747;4.3.1995;8;11;16;25;28
748;8.3.1995;1;19;20;31;33
749;11.3.1995;7;11;13;18;36
750;15.3.1995;7;12;14;15;42
751;18.3.1995;5;14;23;31;35
752;22.3.1995;1;3;10;13;35
753;25.3.1995;2;24;31;32;40
754;29.3.1995;4;20;24;34;41
755;1.4.1995;3;8;23;32;34
756;5.4.1995;4;12;26;33;42
757;8.4.1995;3;14;26;28;31
758;12.4.1995;4;7;25;30;39
759;15.4.1995;11;14;15;20;36
760;19.4.1995;7;11;20;26;32
761;22.4.1995;7;12;14;23;34
762;26.4.1995;1;19;22;29;42
763;29.4.1995;9;26;29;34;42
764;3.5.1995;20;24;34;41;42
765;6.5.1995;14;17;19;31;32
766;10.5.1995;5;19;23;29;37
767;13.5.1995;17;21;30;39;41
768;17.5.1995;17;26;34;39;40
769;20.5.1995;3;11;13;22;27
770;24.5.1995;11;16;19;34;42
771;27.5.1995;2;18;22;27;30
772;31.5.1995;4;16;21;23;26
773;3.6.1995;1;6;17;21;29
774;7.6.1995;3;8;12;29;32
775;10.6.1995;17;22;24;35;41
776;14.6.1995;9;29;32;33;34
777;17.6.1995;2;8;21;27;29
778;21.6.1995;3;18;26;32;40
779;24.6.1995;15;20;21;27;35
780;28.6.1995;5;10;11;22;42
781;1.7.1995;9;16;17;31;37
782;5.7.1995;6;9;12;27;37
783;8.7.1995;10;21;39;40;42
784;12.7.1995;8;21;25;35;37
785;15.7.1995;8;14;16;17;29
786;19.7.1995;5;6;17;38;39
787;22.7.1995;4;8;11;14;42
788;26.7.1995;3;10;22;32;40
789;29.7.1995;13;24;25;33;40
790;2.8.1995;9;12;18;31;33
791;5.8.1995;3;15;21;27;41
792;9.8.1995;4;9;17;32;35
793;12.8.1995;13;18;37;40;42
794;16.8.1995;13;22;27;37;40
795;19.8.1995;1;7;22;24;34
796;23.8.1995;18;26;27;30;36
797;26.8.1995;24;36;38;39;41
798;30.8.1995;5;6;23;34;39
799;2.9.1995;3;20;23;28;33
800;6.9.1995;20;26;28;29;41
801;9.9.1995;6;14;15;19;30
802;13.9.1995;11;18;19;30;35
803;16.9.1995;3;9;29;30;37
804;20.9.1995;13;17;24;33;35
805;23.9.1995;2;4;5;11;40
806;27.9.1995;17;25;38;41;42
807;30.9.1995;5;7;11;12;37
808;4.10.1995;6;13;20;33;38
809;7.10.1995;7;13;23;25;41
810;11.10.1995;3;16;18;25;40
811;14.10.1995;4;8;10;33;39
812;18.10.1995;7;13;20;26;34
813;21.10.1995;9;20;31;38;41
814;25.10.1995;1;4;16;21;39
815;28.10.1995;5;17;27;36;38
816;1.11.1995;2;4;18;26;39
817;4.11.1995;15;18;21;37;40
818;8.11.1995;1;8;13;21;33
819;11.11.1995;12;15;19;32;39
820;15.11.1995;1;8;14;16;40
821;18.11.1995;8;14;17;35;42
822;22.11.1995;4;9;22;26;39
823;25.11.1995;13;16;22;32;42
824;29.11.1995;5;16;18;22;30
825;2.12.1995;8;13;18;19;32
826;6.12.1995;7;18;24;33;35
827;9.12.1995;4;7;16;25;42
828;13.12.1995;21;22;23;28;39
829;16.12.1995;4;9;16;22;29
830;20.12.1995;20;22;24;26;37
831;23.12.1995;3;7;13;33;39
832;27.12.1995;4;12;18;20;38
833;30.12.1995;7;11;18;23;25
834;3.1.1996;4;23;26;27;38
835;6.1.1996;3;15;17;23;28
836;10.1.1996;11;19;26;34;36
837;13.1.1996;9;11;17;30;33
838;17.1.1996;5;12;29;31;35
839;20.1.1996;4;18;25;30;41
840;24.1.1996;4;16;20;29;38
841;27.1.1996;16;17;20;27;29
842;31.1.1996;4;5;20;27;41
843;3.2.1996;12;23;31;34;39
844;7.2.1996;1;5;13;37;39
845;10.2.1996;7;9;21;26;34
846;14.2.1996;3;9;11;22;39
847;17.2.1996;8;18;21;33;36
848;21.2.1996;11;13;31;39;41
849;24.2.1996;2;21;25;30;31
850;28.2.1996;9;10;17;18;37
851;2.3.1996;17;19;29;36;40
852;6.3.1996;10;11;23;24;42
853;9.3.1996;1;7;8;10;23
854;13.3.1996;2;5;16;35;42
855;16.3.1996;7;10;20;24;35
856;20.3.1996;7;9;12;24;37
857;23.3.1996;1;5;10;24;29
858;27.3.1996;1;18;30;32;37
859;30.3.1996;4;11;19;28;42
860;3.4.1996;4;16;22;23;25
861;6.4.1996;7;11;21;23;24
862;10.4.1996;5;10;16;23;28
863;13.4.1996;10;19;30;34;38
864;17.4.1996;3;13;17;35;39
865;20.4.1996;8;10;17;18;33
866;24.4.1996;12;30;31;37;39
867;27.4.1996;20;29;35;37;38
868;1.5.1996;4;19;21;31;37
869;4.5.1996;12;15;22;25;34
870;8.5.1996;5;8;10;14;41
871;11.5.1996;13;21;29;32;38
872;15.5.1996;4;5;10;11;30
873;18.5.1996;2;11;14;36;42
874;22.5.1996;6;17;23;29;37
875;25.5.1996;9;10;28;31;37
876;29.5.1996;12;16;27;33;34
877;1.6.1996;2;5;15;17;38
878;5.6.1996;1;29;33;34;39
879;8.6.1996;7;10;31;32;36
880;12.6.1996;7;25;30;32;36
881;15.6.1996;11;18;22;30;38
882;19.6.1996;6;8;26;29;37
883;22.6.1996;10;21;22;23;36
884;26.6.1996;20;21;22;25;28
885;29.6.1996;3;9;15;21;30
886;3.7.1996;6;19;21;33;41
887;6.7.1996;20;27;35;37;41
888;10.7.1996;1;21;25;32;36
889;13.7.1996;9;15;22;23;33
890;17.7.1996;10;16;21;25;32
891;20.7.1996;3;11;21;29;34
892;24.7.1996;13;14;19;30;41
893;27.7.1996;9;15;16;28;36
894;31.7.1996;10;13;27;36;39
895;3.8.1996;6;11;21;25;39
896;7.8.1996;2;9;13;38;39
897;10.8.1996;3;6;9;40;41
898;14.8.1996;5;17;26;27;37
899;17.8.1996;27;28;29;39;41
900;21.8.1996;2;22;27;30;33
901;24.8.1996;7;26;36;37;42
902;28.8.1996;25;29;30;32;34
903;31.8.1996;15;20;22;36;37
904;4.9.1996;12;22;29;31;40
905;7.9.1996;8;16;18;19;38
906;11.9.1996;6;21;22;27;41
907;14.9.1996;4;8;17;18;31
908;18.9.1996;12;13;15;29;40
909;21.9.1996;2;6;14;22;32
910;25.9.1996;2;6;7;22;24
911;28.9.1996;1;28;31;33;37
912;2.10.1996;1;21;24;30;38
913;5.10.1996;2;6;12;33;37
914;9.10.1996;15;22;30;32;33
915;12.10.1996;2;3;4;14;32
916;16.10.1996;3;4;18;36;42
917;19.10.1996;6;15;18;21;30
918;23.10.1996;15;22;32;34;36
919;26.10.1996;8;16;26;28;32
920;30.10.1996;3;7;20;22;36
921;2.11.1996;13;16;24;35;37
922;6.11.1996;7;8;17;27;35
923;9.11.1996;7;19;20;21;38
924;13.11.1996;8;18;28;35;37
925;16.11.1996;21;26;30;34;39
926;20.11.1996;1;6;18;23;39
927;23.11.1996;6;17;28;35;38
928;27.11.1996;14;15;17;29;38
929;30.11.1996;3;6;7;34;38
930;4.12.1996;9;18;23;27;33
931;7.12.1996;8;14;15;28;39
932;11.12.1996;1;9;11;22;33
933;14.12.1996;7;14;22;40;41
934;18.12.1996;20;22;24;26;29
935;21.12.1996;5;22;30;31;34
936;25.12.1996;1;11;15;19;28
937;28.12.1996;14;19;23;30;40
938;1.1.1997;5;15;30;34;39
939;4.1.1997;7;8;27;39;42
940;8.1.1997;2;7;8;13;14
941;11.1.1997;6;33;37;38;40
942;15.1.1997;1;5;15;30;37
943;18.1.1997;9;20;22;31;41
944;22.1.1997;3;12;16;21;38
945;25.1.1997;2;9;17;26;29
946;29.1.1997;3;17;25;26;29
947;1.2.1997;4;21;35;36;38
948;5.2.1997;2;14;17;34;41
949;8.2.1997;24;26;28;31;42
950;12.2.1997;7;8;11;18;39
951;15.2.1997;3;15;23;31;35
952;19.2.1997;20;26;31;32;35
953;22.2.1997;4;14;18;19;21
954;26.2.1997;11;17;26;31;39
955;1.3.1997;5;15;27;30;31
956;5.3.1997;6;11;22;38;42
957;8.3.1997;1;4;19;26;30
958;12.3.1997;4;7;25;31;39
959;15.3.1997;4;12;13;29;36
960;19.3.1997;1;3;4;24;29
961;22.3.1997;4;7;17;23;26
962;26.3.1997;14;17;18;25;29
963;29.3.1997;9;14;27;40;41
964;2.4.1997;1;9;15;22;34
965;5.4.1997;22;23;29;38;42
966;9.4.1997;6;8;25;32;38
967;12.4.1997;2;3;11;29;40
968;16.4.1997;15;16;22;26;30
969;19.4.1997;6;8;9;11;15
970;23.4.1997;21;27;30;39;40
971;26.4.1997;2;7;18;26;28
972;30.4.1997;1;22;23;38;39
973;3.5.1997;29;30;34;36;41
974;7.5.1997;3;23;30;36;40
975;10.5.1997;13;15;22;29;30
976;14.5.1997;9;26;30;35;42
977;17.5.1997;14;23;26;33;40
978;21.5.1997;5;23;25;33;39
979;24.5.1997;11;14;20;23;34
980;28.5.1997;5;10;14;19;26
981;31.5.1997;14;21;30;37;42
982;4.6.1997;2;11;22;28;29
983;7.6.1997;1;25;32;37;39
984;11.6.1997;5;26;28;30;37
985;14.6.1997;1;13;18;26;41
986;18.6.1997;5;8;20;22;40
987;21.6.1997;1;2;14;25;35
988;25.6.1997;6;7;8;21;41
989;28.6.1997;5;9;15;16;33
990;2.7.1997;14;27;35;39;42
991;5.7.1997;4;15;16;22;30
992;9.7.1997;1;2;7;10;32
993;12.7.1997;5;17;23;29;37
994;16.7.1997;5;24;25;30;39
995;19.7.1997;8;13;20;26;37
996;23.7.1997;15;21;30;34;38
997;26.7.1997;1;3;22;29;42
998;30.7.1997;10;17;20;25;40
999;2.8.1997;14;22;27;32;35
1000;6.8.1997;6;26;30;36;39
1001;9.8.1997;1;16;23;28;40
1002;13.8.1997;10;14;20;33;41
1003;16.8.1997;7;9;25;28;35
1004;20.8.1997;4;7;15;21;30
1005;23.8.1997;5;9;19;22;23
1006;27.8.1997;1;5;7;17;32
1007;30.8.1997;15;18;19;27;33
1008;3.9.1997;4;8;21;23;35
1009;6.9.1997;6;9;21;23;39
1010;10.9.1997;10;14;21;26;36
1011;13.9.1997;7;11;26;32;35
1012;17.9.1997;1;2;5;6;23
1013;20.9.1997;1;8;29;37;42
1014;24.9.1997;9;10;15;34;39
1015;27.9.1997;12;22;28;34;41
1016;1.10.1997;14;16;32;34;36
1017;4.10.1997;1;9;16;24;30
1018;8.10.1997;11;13;24;25;35
1019;11.10.1997;25;26;36;40;42
1020;15.10.1997;2;16;22;24;41
1021;18.10.1997;6;7;10;16;41
1022;22.10.1997;2;12;14;19;28
1023;25.10.1997;9;10;11;24;39
1024;29.10.1997;1;8;18;25;30
1025;1.11.1997;10;17;21;28;33
1026;5.11.1997;3;8;32;34;42
1027;8.11.1997;3;5;6;7;20
1028;12.11.1997;1;13;24;28;29
1029;15.11.1997;4;7;11;27;34
1030;19.11.1997;3;8;15;21;24
1031;22.11.1997;7;19;25;37;39
1032;26.11.1997;10;25;28;31;40
1033;29.11.1997;7;15;18;25;33
1034;3.12.1997;2;10;11;18;19
1035;6.12.1997;4;5;8;18;35
1036;10.12.1997;4;5;13;15;18
1037;13.12.1997;1;7;8;9;18
1038;17.12.1997;3;6;10;35;38
1039;20.12.1997;1;12;16;25;37
1040;24.12.1997;6;22;29;30;31
1041;27.12.1997;2;9;17;22;40
1042;31.12.1997;13;18;35;39;41
1043;3.1.1998;5;10;13;16;31
1044;7.1.1998;11;20;27;28;33
1045;10.1.1998;5;22;29;38;40
1046;14.1.1998;11;17;19;21;39
1047;17.1.1998;6;18;28;36;39
1048;26.8.2000;15;31;33;39;41
1049;30.8.2000;2;8;19;34;42
1050;2.9.2000;6;15;17;23;36
1051;6.9.2000;2;8;14;16;29
1052;9.9.2000;18;29;30;31;33
1053;13.9.2000;8;15;21;35;39
1054;16.9.2000;4;14;17;25;35
1055;20.9.2000;24;29;33;34;41
1056;23.9.2000;4;17;23;29;41
1057;27.9.2000;17;18;30;32;34
1058;30.9.2000;8;21;36;41;42
1059;4.10.2000;5;6;17;29;33
1060;7.10.2000;7;15;16;22;30
1061;11.10.2000;7;19;23;27;36
1062;14.10.2000;5;19;31;32;33
1063;18.10.2000;2;21;26;30;33
1064;21.10.2000;10;33;37;38;41
1065;25.10.2000;19;23;25;36;38
1066;28.10.2000;11;13;17;21;28
1067;1.11.2000;7;11;14;25;35
1068;4.11.2000;7;10;15;27;30
1069;8.11.2000;14;23;31;35;39
1070;11.11.2000;5;13;38;39;41
1071;15.11.2000;9;21;27;36;41
1072;18.11.2000;3;26;27;28;34
1073;22.11.2000;4;8;29;31;32
1074;25.11.2000;4;5;12;14;40
1075;29.11.2000;19;22;26;28;40
1076;2.12.2000;7;10;11;17;22
1077;6.12.2000;6;12;18;27;33
1078;9.12.2000;2;7;15;29;33
1079;13.12.2000;6;24;25;40;42
1080;16.12.2000;5;18;21;29;36
1081;20.12.2000;1;20;28;35;39
1082;23.12.2000;4;6;13;14;34
1083;27.12.2000;6;7;20;36;41
1084;30.12.2000;16;21;24;37;38
1085;3.1.2001;5;8;20;25;40
1086;6.1.2001;3;9;23;29;41
1087;10.1.2001;5;22;28;30;38
1088;13.1.2001;11;15;22;34;41
1089;17.1.2001;9;10;18;20;24
1090;20.1.2001;10;24;30;34;41
1091;24.1.2001;3;9;15;19;34
1092;27.1.2001;2;9;12;30;40
1093;31.1.2001;1;9;12;18;38
1094;3.2.2001;16;18;19;20;23
1095;7.2.2001;1;7;12;24;30
1096;10.2.2001;11;12;13;34;38
1097;14.2.2001;3;7;23;24;30
1098;17.2.2001;1;8;25;27;30
1099;21.2.2001;13;18;24;31;40
1100;24.2.2001;7;8;33;39;40
1101;28.2.2001;1;4;13;15;28
1102;3.3.2001;13;18;19;27;40
1103;7.3.2001;16;18;24;28;42
1104;10.3.2001;9;22;26;30;40
1105;14.3.2001;1;10;11;28;29
1106;17.3.2001;9;16;31;36;38
1107;21.3.2001;11;13;22;23;34
1108;24.3.2001;2;3;17;29;31
1109;28.3.2001;2;10;13;20;21
1110;31.3.2001;12;18;29;30;39
1111;4.4.2001;2;5;10;24;42
1112;7.4.2001;2;12;17;23;33
1113;11.4.2001;6;24;32;35;41
1114;14.4.2001;5;19;21;37;38
1115;18.4.2001;3;21;26;30;31
1116;21.4.2001;1;5;10;17;21
1117;25.4.2001;17;24;25;27;42
1118;28.4.2001;6;16;23;39;41
1119;2.5.2001;1;10;20;26;27
1120;5.5.2001;11;21;25;30;33
1121;9.5.2001;1;4;25;26;37
1122;12.5.2001;10;21;33;37;42
1123;16.5.2001;1;2;21;27;28
1124;19.5.2001;4;7;8;10;23
1125;23.5.2001;2;7;11;36;42
1126;26.5.2001;9;16;17;24;29
1127;30.5.2001;7;12;15;21;28
1128;2.6.2001;12;14;16;30;33
1129;6.6.2001;6;10;11;34;36
1130;9.6.2001;1;2;16;29;35
1131;13.6.2001;6;19;34;39;40
1132;16.6.2001;8;14;37;39;42
1133;20.6.2001;3;8;15;20;31
1134;23.6.2001;24;26;31;32;36
1135;27.6.2001;30;32;35;36;39
1136;30.6.2001;6;11;18;30;42
1137;4.7.2001;2;3;8;28;42
1138;7.7.2001;1;17;27;31;42
1139;11.7.2001;8;11;26;34;39
1140;14.7.2001;2;6;24;31;37
1141;18.7.2001;9;28;29;30;37
1142;21.7.2001;11;13;14;35;41
1143;25.7.2001;7;10;19;22;29
1144;28.7.2001;8;33;38;39;42
1145;1.8.2001;2;3;11;19;34
1146;4.8.2001;2;5;10;11;18
1147;8.8.2001;2;16;28;30;36
1148;11.8.2001;8;31;36;38;42
1149;15.8.2001;17;19;20;21;42
1150;18.8.2001;10;22;34;38;39
1151;22.8.2001;10;23;29;37;39
1152;25.8.2001;8;14;28;33;39
1153;29.8.2001;4;28;29;36;42
1154;1.9.2001;2;9;11;21;24
1155;5.9.2001;2;3;4;16;36
1156;8.9.2001;1;23;26;28;39
1157;12.9.2001;2;7;10;24;34
1158;15.9.2001;13;20;28;30;40
1159;19.9.2001;2;5;8;32;39
1160;22.9.2001;13;17;27;31;39
1161;26.9.2001;1;6;26;30;32
1162;29.9.2001;6;13;21;23;34
1163;3.10.2001;6;12;20;29;37
1164;6.10.2001;1;8;16;29;33
1165;10.10.2001;2;5;11;12;40
1166;13.10.2001;1;8;10;19;23
1167;17.10.2001;7;15;17;39;42
1168;20.10.2001;1;23;36;37;42
1169;24.10.2001;6;8;12;15;23
1170;27.10.2001;3;11;21;22;24
1171;31.10.2001;18;26;33;34;40
1172;3.11.2001;4;16;20;31;38
1173;7.11.2001;5;10;24;27;42
1174;10.11.2001;4;14;27;28;36
1175;14.11.2001;1;5;31;38;42
1176;17.11.2001;10;23;25;33;42
1177;21.11.2001;8;14;33;34;42
1178;24.11.2001;7;28;34;36;38
1179;28.11.2001;16;17;26;27;42
1180;1.12.2001;4;13;14;19;25
1181;5.12.2001;3;5;12;22;31
1182;8.12.2001;7;18;29;33;40
1183;12.12.2001;5;9;14;23;37
1184;15.12.2001;10;17;22;27;40
1185;19.12.2001;4;21;34;35;39
1186;22.12.2001;2;18;21;24;26
1187;26.12.2001;13;17;19;22;23
1188;29.12.2001;6;9;13;20;29
1189;2.1.2002;6;8;15;33;40
1190;5.1.2002;4;13;15;26;40
1191;9.1.2002;5;11;16;17;36
1192;12.1.2002;17;20;21;27;40
1193;16.1.2002;21;22;35;36;42
1194;19.1.2002;2;30;32;33;38
1195;23.1.2002;9;10;18;31;35
1196;26.1.2002;2;22;29;35;38
1197;30.1.2002;3;5;19;25;42
1198;2.2.2002;2;6;19;39;42
1199;6.2.2002;4;9;14;21;37
1200;9.2.2002;2;17;18;23;37
1201;13.2.2002;1;5;23;27;30
1202;16.2.2002;18;20;31;33;37
1203;20.2.2002;16;23;27;29;41
1204;23.2.2002;5;7;9;32;40
1205;27.2.2002;20;27;29;32;36
1206;2.3.2002;13;15;33;34;42
1207;6.3.2002;3;5;10;12;29
1208;9.3.2002;20;23;33;39;40
1209;13.3.2002;12;17;24;37;42
1210;16.3.2002;2;3;6;33;40
1211;20.3.2002;6;14;19;38;40
1212;23.3.2002;1;7;32;35;38
1213;27.3.2002;4;9;10;24;36
1214;30.3.2002;7;11;13;31;39
1215;3.4.2002;16;24;27;37;39
1216;6.4.2002;3;7;14;20;31
1217;10.4.2002;4;5;31;39;41
1218;13.4.2002;1;3;19;20;31
1219;17.4.2002;9;10;12;34;40
1220;20.4.2002;11;25;31;35;38
1221;24.4.2002;2;20;28;39;41
1222;27.4.2002;7;17;21;30;35
1223;1.5.2002;1;16;29;37;41
1224;4.5.2002;9;13;19;28;31
1225;8.5.2002;3;4;6;15;34
1226;11.5.2002;22;23;24;26;30
1227;15.5.2002;5;22;27;34;36
1228;18.5.2002;2;3;22;24;40
1229;22.5.2002;2;4;5;14;21
1230;25.5.2002;6;17;22;32;38
1231;29.5.2002;6;7;14;27;40
1232;1.6.2002;25;26;28;29;36
1233;5.6.2002;11;22;24;28;38
1234;8.6.2002;3;20;24;25;41
1235;12.6.2002;11;17;19;34;40
1236;15.6.2002;9;13;14;18;37
1237;19.6.2002;8;11;12;21;26
1238;22.6.2002;7;11;15;16;17
1239;26.6.2002;6;7;10;18;23
1240;29.6.2002;6;13;24;36;41
1241;3.7.2002;4;14;33;39;40
1242;6.7.2002;6;15;27;28;40
1243;10.7.2002;1;8;23;29;42
1244;13.7.2002;12;16;27;28;30
1245;17.7.2002;8;12;16;19;20
1246;20.7.2002;6;22;29;40;41
1247;24.7.2002;8;13;15;31;40
1248;27.7.2002;3;4;5;22;36
1249;31.7.2002;2;5;7;14;25
1250;3.8.2002;2;4;6;25;41
1251;7.8.2002;14;16;25;31;37
1252;10.8.2002;4;14;36;40;41
1253;14.8.2002;19;28;29;40;41
1254;17.8.2002;1;4;13;16;39
1255;21.8.2002;3;6;23;24;35
1256;24.8.2002;7;9;14;25;36
1257;28.8.2002;10;13;35;38;41
1258;31.8.2002;9;17;31;35;39
1259;4.9.2002;8;9;27;30;31
1260;7.9.2002;7;13;18;21;26
1261;11.9.2002;7;12;19;22;41
1262;14.9.2002;2;11;24;25;35
1263;18.9.2002;11;15;20;23;42
1264;21.9.2002;6;19;23;27;35
1265;25.9.2002;7;13;22;25;32
1266;28.9.2002;1;7;14;17;26
1267;2.10.2002;9;22;30;31;36
1268;5.10.2002;2;14;24;27;38
1269;9.10.2002;1;3;16;28;32
1270;12.10.2002;1;8;15;16;21
1271;16.10.2002;4;16;17;23;39
1272;19.10.2002;5;7;9;17;19
1273;23.10.2002;6;18;24;27;33
1274;26.10.2002;7;13;22;34;35
1275;30.10.2002;6;13;21;24;25
1276;2.11.2002;2;3;17;18;38
1277;6.11.2002;5;14;17;28;42
1278;9.11.2002;13;28;32;39;40
1279;13.11.2002;12;34;36;40;42
1280;16.11.2002;11;17;26;31;37
1281;20.11.2002;3;7;9;34;41
1282;23.11.2002;3;15;21;29;31
1283;27.11.2002;13;15;26;28;35
1284;30.11.2002;7;9;20;37;41
1285;4.12.2002;15;21;23;25;35
1286;7.12.2002;2;15;26;27;39
1287;11.12.2002;5;17;27;30;40
1288;14.12.2002;19;22;28;29;30
1289;18.12.2002;2;3;28;30;34
1290;21.12.2002;2;5;8;21;35
1291;25.12.2002;5;13;19;21;41
1292;28.12.2002;3;7;18;25;32
1293;1.1.2003;4;9;17;20;33
1294;4.1.2003;2;16;22;34;41
1295;8.1.2003;1;15;26;27;34
1296;11.1.2003;11;17;28;29;40
1297;15.1.2003;2;3;7;8;18
1298;18.1.2003;1;2;6;12;32
1299;22.1.2003;9;26;34;36;42
1300;25.1.2003;4;7;17;20;38
1301;29.1.2003;5;7;9;10;12
1302;1.2.2003;10;36;37;39;41
1303;5.2.2003;2;11;30;37;41
1304;8.2.2003;5;7;21;27;36
1305;12.2.2003;15;19;21;28;36
1306;15.2.2003;1;20;22;23;31
1307;19.2.2003;10;26;28;36;40
1308;22.2.2003;5;15;25;34;40
1309;26.2.2003;1;16;22;38;42
1310;1.3.2003;9;17;18;29;42
1311;5.3.2003;6;18;23;39;40
1312;8.3.2003;8;9;18;29;30
1313;12.3.2003;5;6;16;31;35
1314;15.3.2003;17;21;36;40;41
1315;19.3.2003;8;13;23;30;36
1316;22.3.2003;7;12;20;23;41
1317;26.3.2003;17;27;28;34;35
1318;29.3.2003;5;7;14;31;41
1319;2.4.2003;6;10;14;27;33
1320;5.4.2003;8;24;33;34;35
1321;9.4.2003;10;27;33;38;39
1322;12.4.2003;5;14;31;34;35
1323;16.4.2003;1;6;12;19;30
1324;19.4.2003;8;14;20;29;34
1325;23.4.2003;1;8;18;30;42
1326;26.4.2003;3;14;26;37;39
1327;30.4.2003;2;20;30;34;36
1328;3.5.2003;2;4;15;25;40
1329;7.5.2003;1;4;7;11;30
1330;10.5.2003;4;8;15;18;21
1331;14.5.2003;7;11;23;28;40
1332;17.5.2003;4;16;18;22;41
1333;21.5.2003;9;14;15;37;40
1334;24.5.2003;8;13;14;24;33
1335;28.5.2003;15;23;33;37;41
1336;31.5.2003;2;3;9;24;37
1337;4.6.2003;1;2;20;37;41
1338;7.6.2003;24;32;36;39;42
1339;11.6.2003;2;9;23;31;33
1340;14.6.2003;2;29;31;32;38
1341;18.6.2003;11;14;20;24;29
1342;21.6.2003;6;13;14;40;42
1343;25.6.2003;3;17;34;37;39
1344;28.6.2003;1;15;32;34;38
1345;2.7.2003;10;18;24;25;26
1346;5.7.2003;18;20;26;37;42
1347;9.7.2003;8;16;23;36;37
1348;12.7.2003;2;7;16;19;23
1349;16.7.2003;5;7;19;26;27
1350;19.7.2003;3;8;19;27;40
1351;23.7.2003;7;8;10;12;28
1352;26.7.2003;6;12;13;18;31
1353;30.7.2003;7;15;28;35;36
1354;2.8.2003;12;16;18;19;38
1355;6.8.2003;1;7;24;39;41
1356;9.8.2003;7;12;15;23;28
1357;13.8.2003;1;10;11;15;30
1358;16.8.2003;1;8;12;32;37
1359;20.8.2003;2;30;33;38;39
1360;23.8.2003;7;13;19;26;30
1361;27.8.2003;14;16;19;25;28
1362;30.8.2003;7;27;33;37;42
1363;3.9.2003;4;7;20;32;34
1364;6.9.2003;5;14;15;28;31
1365;10.9.2003;2;10;14;16;31
1366;13.9.2003;11;16;23;33;40
1367;17.9.2003;3;6;11;26;31
1368;20.9.2003;8;16;22;26;35
1369;24.9.2003;22;26;27;28;30
1370;27.9.2003;5;8;9;19;37
1371;1.10.2003;12;16;23;38;41
1372;4.10.2003;16;18;32;34;42
1373;8.10.2003;5;16;21;26;28
1374;11.10.2003;4;5;17;23;32
1375;15.10.2003;7;11;20;31;39
1376;18.10.2003;1;6;27;29;41
1377;22.10.2003;7;14;16;28;39
1378;25.10.2003;4;9;10;21;29
1379;29.10.2003;11;20;23;27;40
1380;1.11.2003;10;21;22;30;38
1381;5.11.2003;6;10;13;29;30
1382;8.11.2003;16;17;20;27;37
1383;12.11.2003;8;13;24;25;39
1384;15.11.2003;4;5;10;11;40
1385;19.11.2003;4;28;35;37;39
1386;22.11.2003;8;11;16;30;34
1387;26.11.2003;1;26;30;35;38
1388;29.11.2003;1;5;11;15;17
1389;3.12.2003;11;16;22;32;35
1390;6.12.2003;3;4;15;23;28
1391;10.12.2003;7;11;17;20;36
1392;13.12.2003;3;10;29;32;37
1393;17.12.2003;1;6;17;30;33
1394;20.12.2003;4;8;14;32;38
1395;24.12.2003;3;9;17;31;34
1396;27.12.2003;15;18;31;32;42
1397;31.12.2003;8;11;15;26;29
1398;3.1.2004;2;9;14;18;31
1399;7.1.2004;2;3;7;15;38
1400;10.1.2004;6;13;14;27;42
1401;14.1.2004;1;3;19;24;31
1402;17.1.2004;9;12;13;14;38
1403;21.1.2004;6;8;17;18;30
1404;24.1.2004;6;7;8;20;34
1405;28.1.2004;5;7;27;29;36
1406;31.1.2004;4;10;11;18;28
1407;4.2.2004;11;20;21;22;42
1408;7.2.2004;5;11;26;40;41
1409;11.2.2004;9;13;37;38;39
1410;14.2.2004;8;11;26;31;39
1411;18.2.2004;3;10;11;37;40
1412;21.2.2004;4;15;18;21;34
1413;25.2.2004;3;7;21;23;42
1414;28.2.2004;4;7;13;17;30
1415;3.3.2004;1;9;14;36;41
1416;6.3.2004;2;3;12;32;36
1417;10.3.2004;5;6;9;18;37
1418;13.3.2004;2;13;20;25;37
1419;17.3.2004;7;8;28;29;36
1420;20.3.2004;12;19;35;37;41
1421;24.3.2004;5;11;24;33;38
1422;27.3.2004;3;7;19;27;30
1423;31.3.2004;9;13;17;29;37
1424;3.4.2004;5;14;17;30;31
1425;7.4.2004;5;7;20;35;40
1426;10.4.2004;10;13;21;22;40
1427;14.4.2004;16;21;22;28;40
1428;17.4.2004;12;13;19;26;42
1429;21.4.2004;14;29;33;38;41
1430;24.4.2004;16;17;23;36;38
1431;28.4.2004;15;32;34;40;42
1432;1.5.2004;6;10;18;27;36
1433;5.5.2004;1;3;29;30;41
1434;8.5.2004;16;18;20;29;42
1435;12.5.2004;9;15;30;31;38
1436;15.5.2004;9;11;14;20;31
1437;19.5.2004;21;25;26;28;40
1438;22.5.2004;8;26;30;31;42
1439;26.5.2004;13;17;19;31;42
1440;29.5.2004;16;20;22;24;31
1441;2.6.2004;11;17;27;28;39
1442;5.6.2004;13;16;20;24;25
1443;9.6.2004;3;6;21;29;32
1444;12.6.2004;6;15;17;41;42
1445;16.6.2004;4;9;24;31;36
1446;19.6.2004;3;13;17;20;23
1447;23.6.2004;5;15;28;34;40
1448;26.6.2004;14;15;19;28;34
1449;30.6.2004;8;28;31;38;39
1450;3.7.2004;9;15;17;18;32
1451;7.7.2004;10;11;15;30;38
1452;10.7.2004;2;10;11;37;38
1453;14.7.2004;8;12;21;26;29
1454;17.7.2004;13;17;23;24;42
1455;21.7.2004;5;20;28;29;38
1456;24.7.2004;1;6;15;18;42
1457;28.7.2004;10;12;23;30;41
1458;31.7.2004;10;14;23;24;38
1459;4.8.2004;3;16;31;35;39
1460;7.8.2004;6;7;21;29;35
1461;11.8.2004;9;11;18;35;36
1462;14.8.2004;3;9;15;17;33
1463;18.8.2004;1;7;24;30;38
1464;21.8.2004;3;11;31;34;38
1465;25.8.2004;6;8;14;30;39
1466;28.8.2004;11;24;25;33;40
1467;1.9.2004;4;8;11;23;34
1468;4.9.2004;1;9;19;26;29
1469;8.9.2004;8;11;24;25;36
1470;11.9.2004;3;8;10;18;36
1471;15.9.2004;10;17;19;36;38
1472;18.9.2004;8;14;16;26;35
1473;22.9.2004;3;7;26;39;42
1474;25.9.2004;5;10;11;15;20
1475;29.9.2004;3;9;20;21;22
1476;2.10.2004;1;12;19;35;37
1477;6.10.2004;2;7;9;12;25
1478;9.10.2004;4;10;21;36;41
1479;13.10.2004;1;15;24;27;30
1480;16.10.2004;2;11;19;31;35
1481;20.10.2004;10;16;19;21;42
1482;23.10.2004;15;22;30;33;34
1483;27.10.2004;9;14;15;17;32
1484;30.10.2004;2;13;16;19;39
1485;3.11.2004;6;8;16;38;41
1486;6.11.2004;3;5;29;31;38
1487;10.11.2004;9;17;19;26;27
1488;13.11.2004;9;15;28;30;39
1489;17.11.2004;6;16;19;25;29
1490;20.11.2004;1;11;12;13;41
1491;24.11.2004;1;9;14;26;42
1492;27.11.2004;14;24;25;34;36
1493;1.12.2004;2;15;21;31;35
1494;4.12.2004;11;18;21;25;30
1495;8.12.2004;3;4;14;27;39
1496;11.12.2004;9;13;27;33;41
1497;15.12.2004;17;24;25;26;29
1498;18.12.2004;9;21;27;39;42
1499;22.12.2004;4;19;23;26;36
1500;25.12.2004;3;8;19;29;34
1501;29.12.2004;11;14;19;24;26
1502;1.1.2005;7;15;25;29;38
1503;5.1.2005;4;13;29;35;39
1504;8.1.2005;9;19;33;34;38
1505;12.1.2005;6;11;21;38;40
1506;15.1.2005;3;5;7;13;20
1507;19.1.2005;13;19;23;33;39
1508;22.1.2005;6;16;18;20;31
1509;26.1.2005;30;31;34;37;41
1510;29.1.2005;7;17;18;20;24
1511;2.2.2005;15;27;31;35;39
1512;5.2.2005;4;6;24;35;37
1513;9.2.2005;7;21;25;35;37
1514;12.2.2005;15;26;27;29;39
1515;16.2.2005;6;8;18;26;38
1516;19.2.2005;1;15;25;27;29
1517;23.2.2005;5;12;15;18;35
1518;26.2.2005;1;4;22;28;39
1519;2.3.2005;10;15;23;31;35
1520;5.3.2005;6;16;20;25;36
1521;9.3.2005;10;13;25;28;36
1522;12.3.2005;2;7;21;22;41
1523;16.3.2005;4;7;10;19;34
1524;19.3.2005;2;10;15;16;39
1525;23.3.2005;2;5;8;10;17
1526;26.3.2005;2;19;20;27;28
1527;30.3.2005;6;7;11;31;35
1528;2.4.2005;6;18;24;29;36
1529;6.4.2005;4;5;15;17;37
1530;9.4.2005;1;4;12;17;37
1531;13.4.2005;6;9;21;39;40
1532;16.4.2005;16;23;32;37;42
1533;20.4.2005;7;10;17;22;32
1534;23.4.2005;8;14;16;19;31
1535;27.4.2005;1;9;14;25;42
1536;30.4.2005;10;12;14;29;35
1537;4.5.2005;7;14;18;24;32
1538;7.5.2005;11;14;15;17;38
1539;11.5.2005;15;21;31;39;40
1540;14.5.2005;1;6;17;21;26
1541;18.5.2005;8;18;26;38;39
1542;21.5.2005;4;19;20;30;39
1543;25.5.2005;1;3;4;6;22
1544;28.5.2005;10;11;22;26;30
1545;1.6.2005;4;14;19;20;39
1546;4.6.2005;8;9;15;33;34
1547;8.6.2005;10;11;29;38;42
1548;11.6.2005;7;9;11;14;38
1549;15.6.2005;1;6;10;15;36
1550;18.6.2005;4;11;16;27;33
1551;22.6.2005;12;16;26;32;42
1552;25.6.2005;3;12;28;29;38
1553;29.6.2005;3;5;14;16;21
1554;2.7.2005;2;4;14;17;26
1555;6.7.2005;3;6;11;33;34
1556;9.7.2005;19;28;31;33;36
1557;13.7.2005;27;32;33;36;39
1558;16.7.2005;6;23;27;31;39
1559;20.7.2005;9;13;21;28;39
1560;23.7.2005;4;8;9;22;23
1561;27.7.2005;2;4;7;19;28
1562;30.7.2005;3;4;17;28;41
1563;3.8.2005;4;13;25;35;37
1564;6.8.2005;20;22;26;28;41
1565;10.8.2005;14;19;22;33;34
1566;13.8.2005;1;18;19;20;26
1567;17.8.2005;4;20;33;34;40
1568;20.8.2005;6;7;15;16;19
1569;24.8.2005;4;8;15;33;41
1570;27.8.2005;3;9;12;25;29
1571;31.8.2005;2;8;12;22;29
1572;3.9.2005;6;15;21;39;41
1573;7.9.2005;2;5;16;20;27
1574;10.9.2005;1;14;29;31;36
1575;14.9.2005;13;22;26;28;32
1576;17.9.2005;4;26;30;32;34
1577;21.9.2005;12;16;19;20;28
1578;24.9.2005;7;13;20;31;32
1579;28.9.2005;5;7;16;17;21
1580;1.10.2005;9;11;26;29;31
1581;5.10.2005;23;24;26;32;38
1582;8.10.2005;4;7;25;29;39
1583;12.10.2005;5;8;15;18;38
1584;15.10.2005;1;8;16;36;42
1585;19.10.2005;8;24;27;36;41
1586;22.10.2005;22;25;31;33;42
1587;26.10.2005;13;20;24;31;38
1588;29.10.2005;30;32;35;37;39
1589;2.11.2005;3;22;30;31;39
1590;5.11.2005;14;19;33;36;40
1591;9.11.2005;2;16;20;25;27
1592;12.11.2005;3;10;12;15;31
1593;16.11.2005;3;4;8;25;40
1594;19.11.2005;29;33;34;38;40
1595;23.11.2005;4;13;20;32;38
1596;26.11.2005;7;9;16;29;32
1597;30.11.2005;11;12;21;30;37
1598;3.12.2005;6;12;34;40;42
1599;7.12.2005;7;14;34;36;41
1600;10.12.2005;1;2;9;15;17
1601;14.12.2005;10;17;20;35;38
1602;17.12.2005;1;5;10;14;15
1603;21.12.2005;4;7;8;13;37
1604;24.12.2005;7;20;32;33;35
1605;28.12.2005;5;27;31;34;37
1606;31.12.2005;3;14;18;33;35
1607;4.1.2006;1;21;23;25;30
1608;7.1.2006;13;14;24;34;41
1609;11.1.2006;6;22;26;30;41
1610;14.1.2006;1;21;26;28;32
1611;18.1.2006;1;7;16;30;33
1612;21.1.2006;8;9;13;28;38
1613;25.1.2006;9;27;34;36;39
1614;28.1.2006;7;17;27;34;36
1615;1.2.2006;19;24;31;33;41
1616;4.2.2006;2;3;6;12;26
1617;8.2.2006;11;21;24;31;32
1618;11.2.2006;11;26;31;36;38
1619;15.2.2006;2;7;8;10;42
1620;18.2.2006;7;8;9;10;38
1621;22.2.2006;9;16;23;33;42
1622;25.2.2006;5;15;23;35;41
1623;1.3.2006;14;17;29;32;40
1624;4.3.2006;10;12;23;28;36
1625;8.3.2006;7;11;13;19;24
1626;11.3.2006;9;22;27;39;42
1627;15.3.2006;3;9;19;22;32
1628;18.3.2006;4;6;13;32;41
1629;22.3.2006;11;21;28;31;41
1630;25.3.2006;1;24;26;37;38
1631;29.3.2006;8;14;15;20;28
1632;1.4.2006;14;15;26;40;42
1633;5.4.2006;10;18;22;27;28
1634;8.4.2006;1;7;23;34;36
1635;12.4.2006;9;15;20;27;34
1636;15.4.2006;12;16;22;28;41
1637;19.4.2006;5;8;15;25;31
1638;22.4.2006;6;8;27;34;42
1639;26.4.2006;1;12;14;34;38
1640;29.4.2006;9;14;22;33;36
1641;3.5.2006;21;25;26;37;38
1642;6.5.2006;3;4;12;16;28
1643;10.5.2006;5;10;15;38;42
1644;13.5.2006;13;14;19;31;33
1645;17.5.2006;3;32;37;40;41
1646;20.5.2006;2;4;21;31;38
1647;24.5.2006;19;20;30;31;38
1648;27.5.2006;13;14;22;26;39
1649;31.5.2006;7;12;24;27;30
1650;3.6.2006;1;6;22;24;28
1651;7.6.2006;15;23;35;37;38
1652;10.6.2006;11;20;22;33;40
1653;14.6.2006;10;22;23;33;37
1654;17.6.2006;2;14;15;16;41
1655;21.6.2006;9;16;17;30;34
1656;24.6.2006;3;25;28;37;38
1657;28.6.2006;3;9;10;23;41
1658;1.7.2006;1;8;21;26;41
1659;5.7.2006;3;12;29;30;38
1660;8.7.2006;5;22;27;28;32
1661;12.7.2006;7;13;16;25;30
1662;15.7.2006;5;10;24;25;32
1663;19.7.2006;14;15;21;29;30
1664;22.7.2006;5;6;12;21;31
1665;26.7.2006;3;4;9;22;32
1666;29.7.2006;2;6;26;37;42
1667;2.8.2006;1;2;16;30;37
1668;5.8.2006;14;16;30;35;37
1669;9.8.2006;8;17;20;35;42
1670;12.8.2006;16;17;33;36;41
1671;16.8.2006;3;14;22;36;40
1672;19.8.2006;2;3;7;15;27
1673;23.8.2006;5;26;28;37;42
1674;26.8.2006;5;12;19;24;32
1675;30.8.2006;3;7;13;22;39
1676;2.9.2006;5;11;19;24;34
1677;6.9.2006;2;13;15;21;41
1678;9.9.2006;7;15;16;32;37
1679;13.9.2006;13;16;29;35;39
1680;16.9.2006;10;19;22;26;34
1681;20.9.2006;19;20;27;28;38
1682;23.9.2006;3;13;24;36;37
1683;27.9.2006;8;10;32;33;38
1684;30.9.2006;2;10;14;41;42
1685;4.10.2006;2;12;17;27;34
1686;7.10.2006;1;7;27;29;42
1687;11.10.2006;1;2;3;4;5
1688;14.10.2006;5;15;19;30;32
1689;21.10.2006;1;2;3;4;5
