1. 27.01.1957 8,12,31,39,43,45
2. 03.02.1957 5,10,11,22,25,27
3. 10.02.1957 18,19,20,26,45,49
4. 17.02.1957 2,11,14,37,40,45
5. 24.02.1957 8,10,15,35,39,49
6. 03.03.1957 24,26,31,35,43,47
7. 10.03.1957 13,20,23,29,38,44
8. 17.03.1957 8,13,15,22,38,47
9. 24.03.1957 3,10,27,29,34,42
10. 31.03.1957 4,5,6,13,23,25
11. 07.04.1957 1,7,13,15,21,39
12. 14.04.1957 2,4,31,38,39,46
13. 28.04.1957 15,18,22,26,33,38
14. 05.05.1957 2,4,11,18,25,48
15. 12.05.1957 2,8,28,31,32,33
16. 19.05.1957 10,13,19,21,32,34
17. 26.05.1957 16,24,25,29,32,36
18. 02.06.1957 10,11,12,31,32,33
19. 09.06.1957 5,16,23,30,32,46
20. 16.06.1957 3,5,11,14,33,48
21. 23.06.1957 4,9,16,19,28,39
22. 30.06.1957 13,19,21,24,30,36
23. 07.07.1957 8,14,24,26,30,33
24. 14.07.1957 1,11,14,25,44,49
25. 21.07.1957 3,6,13,22,27,33
26. 28.07.1957 1,13,19,21,27,35
27. 04.08.1957 2,5,15,20,30,48
28. 11.08.1957 4,19,21,32,34,37
29. 18.08.1957 1,6,17,27,40,44
30. 25.08.1957 8,20,39,41,45,49
31. 01.09.1957 5,16,17,38,40,48
32. 08.09.1957 6,16,21,25,43,48
33. 15.09.1957 5,10,16,18,40,42
34. 22.09.1957 1,15,16,19,47,48
35. 29.09.1957 4,12,30,35,46,48
36. 06.10.1957 2,8,9,12,16,30
37. 13.10.1957 18,22,27,31,35,36
38. 20.10.1957 22,24,37,40,41,45
39. 27.10.1957 1,9,14,27,32,34
40. 03.11.1957 13,21,28,36,39,40
41. 10.11.1957 8,19,28,30,31,47
42. 17.11.1957 1,7,9,14,45,48
43. 24.11.1957 2,6,18,20,40,49
44. 01.12.1957 5,8,14,26,32,44
45. 08.12.1957 11,17,24,35,42,47
46. 15.12.1957 7,12,19,36,42,49
47. 22.12.1957 8,15,24,27,37,46
48. 05.01.1958 2,20,22,36,37,45
49. 12.01.1958 1,24,30,37,47,48
50. 19.01.1958 9,15,29,33,43,44
51. 26.01.1958 12,34,35,43,44,49
52. 02.02.1958 1,15,29,30,31,33
53. 09.02.1958 1,21,22,25,34,47
54. 16.02.1958 2,8,11,39,41,45
55. 23.02.1958 8,26,28,36,43,49
56. 02.03.1958 11,14,19,22,23,25
57. 09.03.1958 5,8,10,26,30,42
58. 16.03.1958 2,6,9,36,38,42
59. 23.03.1958 3,7,9,25,42,48
60. 30.03.1958 4,8,10,32,42,45
61. 13.04.1958 3,15,18,35,42,43
62. 20.04.1958 4,5,9,19,27,32
63. 27.04.1958 13,16,35,40,41,42
64. 04.05.1958 4,28,38,40,45,46
65. 11.05.1958 8,17,22,27,31,41
66. 18.05.1958 1,2,8,17,28,40
67. 25.05.1958 7,16,27,33,41,43
68. 01.06.1958 1,20,41,42,43,44
69. 08.06.1958 13,14,25,29,33,47
70. 15.06.1958 17,23,29,39,41,45
71. 22.06.1958 2,14,22,44,48,49
72. 29.06.1958 3,7,13,15,16,47
73. 06.07.1958 10,11,28,38,48,49
74. 13.07.1958 9,16,21,24,27,35
75. 20.07.1958 1,7,17,18,29,33
76. 27.07.1958 19,21,22,25,36,44
77. 03.08.1958 2,4,22,31,32,43
78. 10.08.1958 4,9,16,26,27,46
79. 17.08.1958 34,35,37,38,39,45
80. 24.08.1958 17,21,27,35,41,49
81. 31.08.1958 30,31,32,41,46,49
82. 07.09.1958 10,16,23,26,30,39
83. 14.09.1958 13,16,18,19,30,35
84. 21.09.1958 9,23,26,29,31,42
85. 28.09.1958 12,16,21,28,36,49
86. 05.10.1958 4,11,14,23,36,44
87. 12.10.1958 8,15,17,33,34,48
88. 19.10.1958 1,2,13,17,37,42
89. 26.10.1958 16,25,31,32,45,49
90. 02.11.1958 5,8,18,21,38,39
91. 09.11.1958 8,10,31,34,39,41
92. 16.11.1958 11,29,31,36,44,45
93. 23.11.1958 6,11,16,18,35,45
94. 30.11.1958 9,21,24,25,33,39
95. 07.12.1958 18,19,32,33,38,45
96. 14.12.1958 1,3,10,34,35,41
97. 21.12.1958 11,13,14,28,29,33
98. 28.12.1958 2,22,23,33,41,43
99. 04.01.1959 17,21,22,27,29,33
100. 11.01.1959 4,19,21,40,42,49
101. 18.01.1959 1,9,11,12,35,46
102. 25.01.1959 8,18,23,44,45,46
103. 01.02.1959 7,11,25,34,37,45
104. 08.02.1959 8,10,11,12,38,44
105. 15.02.1959 17,26,36,41,48,49
106. 22.02.1959 5,7,19,28,45,48
107. 01.03.1959 1,2,26,36,42,44
108. 08.03.1959 4,14,15,22,23,34
109. 15.03.1959 3,11,13,15,31,38
110. 22.03.1959 5,7,14,18,40,48
111. 29.03.1959 9,15,35,37,43,44
112. 05.04.1959 13,26,30,32,45,46
113. 12.04.1959 2,3,13,15,26,31
114. 19.04.1959 3,17,20,32,37,47
115. 26.04.1959 9,16,21,27,36,42
116. 03.05.1959 4,9,16,17,30,38
117. 10.05.1959 5,7,21,36,38,49
118. 17.05.1959 11,16,36,37,41,47
119. 24.05.1959 5,17,20,23,32,34
120. 31.05.1959 12,29,32,34,37,49
121. 07.06.1959 11,12,14,16,19,48
122. 14.06.1959 1,11,17,21,23,38
123. 21.06.1959 10,22,37,39,42,44
124. 28.06.1959 14,26,28,31,36,39
125. 05.07.1959 6,23,25,29,30,34
126. 12.07.1959 5,9,12,29,34,47
127. 19.07.1959 6,9,13,18,35,36
128. 26.07.1959 1,6,12,14,27,45
129. 02.08.1959 6,17,22,34,37,45
130. 09.08.1959 7,14,16,19,20,30
131. 16.08.1959 1,2,4,5,23,36
132. 23.08.1959 8,14,23,26,37,41
133. 30.08.1959 9,22,27,36,45,49
134. 06.09.1959 8,13,20,21,23,26
135. 13.09.1959 8,10,12,27,33,35
136. 20.09.1959 1,18,27,32,33,35
137. 27.09.1959 2,5,10,19,42,46
138. 04.10.1959 12,15,17,26,40,42
139. 11.10.1959 5,12,22,25,36,47
140. 18.10.1959 12,15,25,34,45,46
141. 25.10.1959 22,24,27,30,37,43
142. 01.11.1959 4,8,24,32,34,47
143. 08.11.1959 3,6,16,23,31,35
144. 15.11.1959 5,15,18,28,41,43
145. 22.11.1959 1,14,19,23,44,45
146. 29.11.1959 1,3,10,20,30,46
147. 06.12.1959 9,20,30,37,40,47
148. 13.12.1959 15,18,28,38,40,46
149. 20.12.1959 1,13,14,19,20,44
150. 27.12.1959 14,16,32,35,38,49
151. 03.01.1960 3,6,11,15,27,48
152. 10.01.1960 2,6,7,12,20,47
153. 17.01.1960 3,4,12,20,34,40
154. 24.01.1960 10,12,18,36,39,49
155. 31.01.1960 27,28,33,34,41,44
156. 07.02.1960 2,4,10,16,38,44
157. 14.02.1960 4,10,28,40,43,45
158. 21.02.1960 2,4,22,25,26,40
159. 28.02.1960 13,17,19,22,26,40
160. 06.03.1960 3,6,7,18,20,29
161. 13.03.1960 8,12,13,20,39,46
162. 20.03.1960 9,14,21,25,35,42
163. 27.03.1960 7,18,20,25,29,46
164. 03.04.1960 16,17,21,29,37,48
165. 10.04.1960 34,35,38,39,40,44
166. 17.04.1960 1,14,28,34,41,43
167. 24.04.1960 10,17,20,24,32,33
168. 01.05.1960 3,12,16,22,30,38
169. 08.05.1960 13,15,31,32,38,40
170. 15.05.1960 3,16,17,28,31,49
171. 22.05.1960 10,12,13,21,25,35
172. 29.05.1960 3,13,17,19,20,37
173. 05.06.1960 33,39,41,43,46,48
174. 12.06.1960 7,11,14,20,35,45
175. 19.06.1960 13,14,27,31,35,40
176. 26.06.1960 7,21,23,29,39,43
177. 03.07.1960 3,24,25,29,43,48
178. 10.07.1960 6,10,12,16,20,48
179. 17.07.1960 16,17,18,21,29,38
180. 24.07.1960 8,15,21,22,38,46
181. 31.07.1960 5,17,27,29,31,37
182. 07.08.1960 2,3,6,28,39,41
183. 14.08.1960 4,14,20,34,43,44
184. 21.08.1960 8,11,17,33,35,47
185. 28.08.1960 5,9,10,29,39,41
186. 04.09.1960 21,28,38,40,43,49
187. 11.09.1960 1,13,17,19,36,44
188. 18.09.1960 12,26,36,37,44,46
189. 25.09.1960 6,7,20,27,34,49
190. 02.10.1960 3,7,9,14,17,41
191. 09.10.1960 4,7,30,34,35,47
192. 16.10.1960 11,25,32,34,36,42
193. 23.10.1960 4,10,19,28,41,43
194. 30.10.1960 8,17,30,36,39,49
195. 06.11.1960 6,15,17,20,34,41
196. 13.11.1960 2,12,25,28,37,38
197. 20.11.1960 3,4,5,10,20,22
198. 27.11.1960 1,5,10,14,28,42
199. 04.12.1960 1,7,9,28,33,44
200. 11.12.1960 25,31,32,33,36,46
201. 18.12.1960 4,19,24,42,44,47
202. 25.12.1960 15,18,20,21,25,30
203. 01.01.1961 8,12,13,24,30,37
204. 08.01.1961 5,14,20,23,25,28
205. 15.01.1961 2,3,27,37,38,40
206. 22.01.1961 5,15,27,37,45,48
207. 29.01.1961 6,14,16,26,34,42
208. 05.02.1961 8,16,26,36,40,41
209. 12.02.1961 4,11,14,37,39,46
210. 19.02.1961 3,22,23,28,40,43
211. 26.02.1961 2,5,8,10,14,45
212. 05.03.1961 7,24,33,35,37,40
213. 12.03.1961 7,10,15,31,34,37
214. 19.03.1961 11,14,28,29,36,45
215. 26.03.1961 4,7,16,38,39,47
216. 02.04.1961 10,21,25,31,33,45
217. 09.04.1961 2,22,26,35,38,47
218. 16.04.1961 10,15,27,31,42,44
219. 23.04.1961 7,17,20,26,33,48
220. 30.04.1961 9,25,26,27,33,40
221. 07.05.1961 6,12,16,29,42,44
222. 14.05.1961 1,2,4,9,40,48
223. 21.05.1961 2,7,9,23,26,47
224. 28.05.1961 6,7,17,33,38,48
225. 04.06.1961 5,23,31,44,47,49
226. 11.06.1961 8,13,21,30,35,47
227. 18.06.1961 1,16,28,36,40,46
228. 25.06.1961 12,18,21,22,30,45
229. 02.07.1961 3,4,10,31,47,48
230. 09.07.1961 2,9,11,15,17,48
231. 16.07.1961 13,19,30,31,33,38
232. 23.07.1961 9,13,20,26,31,40
233. 30.07.1961 1,14,17,19,37,39
234. 06.08.1961 1,7,27,30,37,42
235. 13.08.1961 5,7,23,35,40,41
236. 20.08.1961 8,11,12,14,16,30
237. 27.08.1961 4,6,7,13,26,29
238. 03.09.1961 19,32,39,43,45,48
239. 10.09.1961 7,13,18,21,23,24
240. 17.09.1961 4,15,16,19,35,43
241. 24.09.1961 5,7,22,25,34,47
242. 01.10.1961 5,14,21,26,40,44
243. 08.10.1961 5,12,13,23,24,41
244. 15.10.1961 9,18,23,31,38,39
245. 22.10.1961 1,3,32,40,45,47
246. 29.10.1961 4,6,15,27,44,47
247. 05.11.1961 3,7,10,19,24,31
248. 12.11.1961 3,10,13,26,28,39
249. 19.11.1961 1,8,18,19,33,45
250. 26.11.1961 1,16,24,36,42,43
251. 03.12.1961 6,22,23,24,38,47
252. 10.12.1961 5,7,17,19,36,39
253. 17.12.1961 7,27,32,34,36,41
254. 24.12.1961 11,17,32,40,46,48
255. 31.12.1961 6,9,13,20,24,26
256. 07.01.1962 5,17,19,34,40,46
257. 14.01.1962 8,11,18,24,33,40
258. 21.01.1962 21,24,33,36,38,46
259. 28.01.1962 6,16,30,35,37,49
260. 04.02.1962 5,14,20,27,33,41
261. 11.02.1962 3,7,21,25,33,37
262. 18.02.1962 4,6,14,18,39,49
263. 25.02.1962 2,5,8,15,22,28
264. 04.03.1962 14,15,28,36,44,47
265. 11.03.1962 7,11,13,19,42,46
266. 18.03.1962 1,3,12,22,26,32
267. 25.03.1962 28,33,34,38,40,46
268. 01.04.1962 4,6,7,16,22,37
269. 08.04.1962 17,23,29,30,46,49
270. 15.04.1962 2,5,12,16,22,47
271. 22.04.1962 17,24,25,26,33,48
272. 29.04.1962 10,31,32,36,45,46
273. 06.05.1962 14,33,34,38,40,42
274. 13.05.1962 4,5,10,15,32,49
275. 20.05.1962 3,12,24,27,44,45
276. 27.05.1962 6,15,18,35,36,47
277. 03.06.1962 12,18,25,30,32,39
278. 10.06.1962 18,23,25,26,37,40
279. 17.06.1962 10,17,27,31,38,39
280. 24.06.1962 6,7,23,27,31,41
281. 01.07.1962 5,8,22,33,39,48
282. 08.07.1962 5,10,18,29,30,44
283. 15.07.1962 8,9,13,15,23,38
284. 22.07.1962 6,9,30,31,34,39
285. 29.07.1962 1,17,21,22,29,34
286. 05.08.1962 7,9,17,22,28,31
287. 12.08.1962 5,13,39,46,47,48
288. 19.08.1962 1,7,38,40,43,48
289. 26.08.1962 7,28,31,32,33,37
290. 02.09.1962 1,6,10,15,28,32
291. 09.09.1962 14,16,19,37,47,48
292. 16.09.1962 7,17,19,26,28,45
293. 23.09.1962 1,2,11,21,30,43
294. 30.09.1962 4,22,27,38,39,43
295. 07.10.1962 6,16,30,41,43,47
296. 14.10.1962 11,14,24,34,36,44
297. 21.10.1962 3,8,12,14,22,45
298. 28.10.1962 4,9,10,22,31,35
299. 04.11.1962 17,31,37,46,47,49
300. 11.11.1962 4,7,11,12,38,48
301. 18.11.1962 10,20,27,28,29,37
302. 25.11.1962 25,27,29,31,32,46
303. 02.12.1962 25,27,33,41,47,48
304. 09.12.1962 16,21,29,33,43,47
305. 16.12.1962 7,23,27,34,36,47
306. 23.12.1962 5,6,16,23,37,44
307. 30.12.1962 5,14,21,28,47,48
308. 06.01.1963 9,13,19,31,35,40
309. 13.01.1963 5,8,14,16,33,47
310. 20.01.1963 5,6,13,16,20,23
311. 27.01.1963 10,19,20,36,42,45
312. 03.02.1963 11,23,24,26,38,42
313. 10.02.1963 16,25,27,30,38,39
314. 17.02.1963 8,10,11,13,33,41
315. 24.02.1963 4,32,34,44,45,47
316. 03.03.1963 8,17,32,42,43,48
317. 10.03.1963 1,14,20,22,42,49
318. 17.03.1963 2,9,10,14,32,39
319. 24.03.1963 1,10,27,28,38,39
320. 31.03.1963 21,29,34,35,36,37
321. 07.04.1963 6,9,17,24,27,38
322. 14.04.1963 5,7,12,17,21,42
323. 21.04.1963 8,17,20,28,33,39
324. 28.04.1963 2,10,23,28,44,48
325. 05.05.1963 1,27,34,40,44,46
326. 12.05.1963 4,19,22,41,42,46
327. 19.05.1963 13,26,31,38,42,48
328. 26.05.1963 4,8,11,17,28,40
329. 02.06.1963 4,10,15,23,42,48
330. 09.06.1963 20,22,25,26,27,28
331. 16.06.1963 8,9,16,20,22,35
332. 23.06.1963 2,4,6,7,17,44
333. 30.06.1963 14,19,20,36,37,45
334. 07.07.1963 3,19,23,25,29,42
335. 14.07.1963 5,9,15,29,34,38
336. 21.07.1963 1,7,15,26,44,46
337. 28.07.1963 2,3,6,15,22,32
338. 04.08.1963 1,5,17,23,37,48
339. 11.08.1963 2,6,21,38,46,49
340. 18.08.1963 13,18,20,23,27,40
341. 25.08.1963 5,6,9,18,28,37
342. 01.09.1963 16,19,35,38,45,49
343. 08.09.1963 1,17,28,32,36,43
344. 15.09.1963 13,17,20,23,35,38
345. 22.09.1963 1,5,8,21,29,33
346. 29.09.1963 8,19,20,22,27,28
347. 06.10.1963 4,11,12,27,29,48
348. 13.10.1963 1,7,18,33,37,44
349. 20.10.1963 6,10,15,19,34,43
350. 27.10.1963 6,7,12,22,27,35
351. 03.11.1963 1,3,4,26,40,42
352. 10.11.1963 11,15,24,34,39,42
353. 17.11.1963 22,25,31,34,37,42
354. 24.11.1963 6,27,36,38,45,48
355. 01.12.1963 7,8,21,29,35,38
356. 08.12.1963 3,7,9,18,21,24
357. 15.12.1963 7,19,21,33,45,47
358. 22.12.1963 2,24,26,30,42,46
359. 29.12.1963 3,5,9,20,26,33
360. 05.01.1964 1,12,14,16,20,41
361. 12.01.1964 10,11,20,25,42,44
362. 19.01.1964 7,24,26,33,43,49
363. 26.01.1964 4,7,11,24,31,39
364. 02.02.1964 2,12,15,27,40,47
365. 09.02.1964 4,26,28,31,37,42
366. 16.02.1964 2,13,29,36,38,42
367. 23.02.1964 1,5,11,14,35,37
368. 01.03.1964 9,20,27,29,33,45
369. 08.03.1964 11,25,34,42,44,46
370. 15.03.1964 1,17,26,32,34,41
371. 22.03.1964 2,6,8,25,27,33
372. 29.03.1964 3,5,8,31,34,49
373. 05.04.1964 15,17,25,32,41,49
374. 12.04.1964 5,6,26,39,46,47
375. 19.04.1964 7,9,18,44,45,47
376. 26.04.1964 10,14,26,28,32,40
377. 03.05.1964 22,32,33,40,44,45
378. 10.05.1964 6,15,28,36,39,42
379. 17.05.1964 4,13,18,35,44,49
380. 24.05.1964 14,25,26,27,33,46
381. 31.05.1964 8,21,25,29,35,36
382. 07.06.1964 8,20,25,39,43,45
383. 14.06.1964 7,12,21,32,34,42
384. 21.06.1964 12,14,19,25,36,39
385. 28.06.1964 3,9,11,41,45,46
386. 05.07.1964 19,25,27,31,41,48
387. 12.07.1964 1,8,18,23,28,35
388. 19.07.1964 4,12,14,16,32,47
389. 26.07.1964 10,27,28,29,31,47
390. 02.08.1964 2,15,20,41,45,46
391. 09.08.1964 7,18,30,31,33,46
392. 16.08.1964 2,8,13,20,29,39
393. 23.08.1964 15,24,25,32,41,44
394. 30.08.1964 8,19,22,36,38,40
395. 06.09.1964 1,20,21,23,28,31
396. 13.09.1964 4,8,22,32,33,46
397. 20.09.1964 9,19,27,30,41,44
398. 27.09.1964 11,15,17,19,34,35
399. 04.10.1964 13,29,35,36,39,41
400. 11.10.1964 2,4,16,21,35,38
401. 18.10.1964 6,14,21,28,30,34
402. 25.10.1964 3,8,29,30,38,49
403. 01.11.1964 2,4,26,28,29,31
404. 08.11.1964 2,10,16,38,39,47
405. 15.11.1964 2,7,8,20,25,43
406. 22.11.1964 24,27,33,34,38,47
407. 29.11.1964 1,4,10,18,31,39
408. 06.12.1964 10,19,20,29,30,31
409. 13.12.1964 5,10,13,17,24,46
410. 20.12.1964 2,3,18,23,25,37
411. 27.12.1964 7,11,14,15,24,36
412. 03.01.1965 5,6,16,26,36,40
413. 10.01.1965 3,24,25,29,31,45
414. 17.01.1965 6,12,25,31,33,34
415. 24.01.1965 23,31,36,37,38,42
416. 31.01.1965 12,16,17,22,38,42
417. 07.02.1965 1,3,35,38,43,46
418. 14.02.1965 5,6,15,20,22,40
419. 21.02.1965 2,18,24,27,40,45
420. 28.02.1965 9,37,38,46,47,48
421. 07.03.1965 4,15,22,38,39,47
422. 07.03.1965 3,5,12,13,32,47
423. 14.03.1965 3,4,7,18,29,38
424. 21.03.1965 12,21,22,23,37,41
425. 28.03.1965 6,26,30,37,41,45
426. 04.04.1965 19,24,27,28,36,39
427. 11.04.1965 9,13,24,32,34,39
428. 18.04.1965 1,22,26,28,39,44
429. 25.04.1965 27,32,34,44,45,47
430. 02.05.1965 5,7,11,15,16,38
431. 09.05.1965 21,24,37,43,45,46
432. 16.05.1965 4,9,11,17,21,45
433. 23.05.1965 16,30,31,42,45,49
434. 30.05.1965 9,12,18,36,44,45
435. 06.06.1965 12,18,24,34,43,47
436. 13.06.1965 12,26,29,38,43,44
437. 20.06.1965 8,21,25,31,36,49
438. 27.06.1965 10,12,27,30,42,43
439. 04.07.1965 1,4,20,22,30,37
440. 11.07.1965 5,12,21,29,34,37
441. 18.07.1965 2,4,6,17,27,49
442. 25.07.1965 4,9,15,17,43,48
443. 01.08.1965 1,2,7,27,34,41
444. 08.08.1965 15,16,19,27,34,39
445. 15.08.1965 9,12,16,17,26,29
446. 22.08.1965 2,10,15,17,25,47
447. 29.08.1965 14,15,18,21,29,45
448. 05.09.1965 9,10,29,30,44,47
449. 12.09.1965 6,13,25,30,33,47
450. 19.09.1965 7,15,26,27,31,41
451. 26.09.1965 2,22,29,31,36,45
452. 03.10.1965 2,6,10,43,47,48
453. 10.10.1965 2,4,14,15,38,42
454. 17.10.1965 5,10,19,24,26,38
455. 24.10.1965 2,5,28,29,31,38
456. 31.10.1965 6,15,17,19,38,48
457. 07.11.1965 5,16,17,18,21,43
458. 14.11.1965 19,25,28,30,37,48
459. 21.11.1965 5,12,17,31,42,46
460. 28.11.1965 14,16,26,30,34,45
461. 05.12.1965 1,5,31,33,43,48
462. 12.12.1965 1,3,6,12,32,35
463. 19.12.1965 10,13,20,32,37,47
464. 26.12.1965 18,22,25,42,45,48
465. 02.01.1966 3,6,8,14,39,43
466. 09.01.1966 17,23,26,30,31,32
467. 16.01.1966 11,18,19,31,33,42
468. 23.01.1966 2,4,7,23,31,36
469. 30.01.1966 3,22,24,28,46,48
470. 06.02.1966 3,22,31,34,41,44
471. 13.02.1966 1,14,20,25,27,31
472. 20.02.1966 12,13,26,36,40,45
473. 27.02.1966 1,3,7,11,25,39
474. 06.03.1966 1,7,14,23,35,36
475. 06.03.1966 1,3,11,21,25,32
476. 13.03.1966 2,12,18,25,30,35
477. 20.03.1966 1,18,25,39,41,43
478. 27.03.1966 6,9,20,34,40,42
479. 03.04.1966 1,22,23,26,30,45
480. 10.04.1966 9,11,33,40,42,47
481. 17.04.1966 4,11,20,26,29,41
482. 24.04.1966 1,14,15,31,33,41
483. 01.05.1966 1,10,24,33,36,43
484. 08.05.1966 8,10,15,19,23,26
485. 15.05.1966 23,24,28,33,43,46
486. 22.05.1966 2,19,22,24,41,44
487. 29.05.1966 5,14,18,30,34,40
488. 05.06.1966 13,26,27,28,41,42
489. 12.06.1966 4,8,10,19,26,49
490. 19.06.1966 2,24,25,39,46,49
491. 26.06.1966 1,21,24,30,43,44
492. 03.07.1966 5,9,13,40,42,47
493. 10.07.1966 4,18,22,25,36,38
494. 17.07.1966 4,13,14,25,27,49
495. 24.07.1966 2,4,23,32,35,47
496. 31.07.1966 1,3,24,33,35,47
497. 07.08.1966 1,14,24,25,33,35
498. 14.08.1966 10,23,27,36,38,48
499. 21.08.1966 4,5,20,28,31,36
500. 28.08.1966 18,22,23,26,28,41
501. 04.09.1966 1,13,17,20,33,42
502. 11.09.1966 4,7,9,13,28,49
503. 18.09.1966 3,10,11,12,28,29
504. 25.09.1966 17,20,29,30,34,47
505. 02.10.1966 15,24,33,38,40,43
506. 09.10.1966 1,6,10,22,37,45
507. 16.10.1966 8,10,26,27,29,34
508. 23.10.1966 3,5,11,12,24,47
509. 30.10.1966 11,12,18,30,41,44
510. 06.11.1966 1,11,22,41,45,48
511. 13.11.1966 5,11,18,25,40,43
512. 20.11.1966 12,17,26,30,33,39
513. 27.11.1966 7,9,18,26,27,34
514. 04.12.1966 8,9,18,25,26,27
515. 11.12.1966 9,34,38,40,42,45
516. 18.12.1966 10,13,26,35,37,38
517. 25.12.1966 3,8,14,21,25,45
518. 01.01.1967 10,17,23,27,28,36
519. 08.01.1967 3,4,11,27,33,49
520. 15.01.1967 7,9,41,42,46,47
521. 22.01.1967 4,11,26,38,41,46
522. 29.01.1967 11,23,24,32,37,38
523. 05.02.1967 6,14,16,20,27,39
524. 12.02.1967 21,29,31,33,36,39
525. 19.02.1967 14,25,29,34,44,48
526. 26.02.1967 8,10,18,28,31,49
527. 05.03.1967 4,34,35,39,40,42
528. 05.03.1967 8,11,24,39,40,44
529. 12.03.1967 1,17,22,31,33,35
530. 19.03.1967 12,19,20,30,40,43
531. 26.03.1967 11,22,27,30,44,46
532. 02.04.1967 8,18,27,37,40,44
533. 09.04.1967 8,14,17,33,36,45
534. 16.04.1967 14,16,39,40,44,47
535. 23.04.1967 6,9,15,25,33,37
536. 30.04.1967 9,17,20,22,36,42
537. 07.05.1967 4,12,13,14,23,29
538. 14.05.1967 3,9,12,17,18,34
539. 21.05.1967 6,14,17,25,37,38
540. 28.05.1967 12,15,17,25,26,28
541. 04.06.1967 1,5,16,17,29,43
542. 11.06.1967 2,9,11,17,18,39
543. 18.06.1967 11,13,19,41,44,49
544. 25.06.1967 1,2,18,34,36,45
545. 02.07.1967 1,20,23,40,44,46
546. 09.07.1967 6,22,23,32,35,46
547. 16.07.1967 1,7,15,34,35,49
548. 23.07.1967 10,14,17,22,26,34
549. 30.07.1967 15,20,29,33,39,46
550. 06.08.1967 2,20,30,44,47,49
551. 13.08.1967 5,11,12,14,36,49
552. 20.08.1967 6,10,28,34,35,47
553. 27.08.1967 2,5,14,16,31,33
554. 03.09.1967 4,7,20,22,24,36
555. 10.09.1967 2,12,21,23,40,47
556. 17.09.1967 12,33,43,44,47,49
557. 24.09.1967 14,20,29,42,47,49
558. 01.10.1967 5,17,23,25,37,43
559. 08.10.1967 5,15,33,36,39,40
560. 15.10.1967 1,9,27,32,35,45
561. 22.10.1967 2,17,26,29,30,39
562. 29.10.1967 4,17,33,40,47,49
563. 05.11.1967 7,14,25,27,30,31
564. 12.11.1967 8,24,38,42,43,47
565. 19.11.1967 3,4,21,25,33,45
566. 26.11.1967 3,19,31,32,36,37
567. 03.12.1967 1,11,16,37,40,46
568. 10.12.1967 1,7,9,16,26,45
569. 17.12.1967 9,17,18,22,44,46
570. 24.12.1967 1,11,12,23,33,47
571. 31.12.1967 15,19,23,35,39,41
572. 07.01.1968 2,7,17,21,25,32
573. 14.01.1968 12,18,21,32,35,36
574. 21.01.1968 4,13,20,28,41,42
575. 28.01.1968 17,27,30,34,38,46
576. 04.02.1968 1,8,15,16,17,42
577. 11.02.1968 6,12,21,25,27,30
578. 18.02.1968 7,16,17,19,28,49
579. 25.02.1968 7,18,26,32,35,37
580. 03.03.1968 22,25,38,42,44,45
581. 03.03.1968 7,11,18,21,30,35
582. 10.03.1968 2,6,20,21,24,25
583. 17.03.1968 16,27,28,38,39,47
584. 24.03.1968 2,9,12,23,24,32
585. 31.03.1968 5,6,13,21,29,31
586. 07.04.1968 2,20,21,23,38,49
587. 14.04.1968 8,15,20,24,40,43
588. 21.04.1968 2,15,20,25,26,45
589. 28.04.1968 1,3,6,14,22,36
590. 05.05.1968 18,19,20,22,26,35
591. 12.05.1968 1,12,14,16,33,40
592. 19.05.1968 4,8,19,26,31,47
593. 26.05.1968 3,24,28,31,38,42
594. 02.06.1968 13,15,25,29,37,40
595. 09.06.1968 17,20,24,35,43,46
596. 16.06.1968 5,10,12,32,41,49
597. 23.06.1968 10,13,21,24,40,42
598. 30.06.1968 13,15,20,31,36,40
599. 07.07.1968 2,9,12,16,28,39
600. 14.07.1968 4,7,12,14,17,43
601. 21.07.1968 5,8,25,30,31,35
602. 28.07.1968 2,24,26,36,37,46
603. 04.08.1968 3,12,14,29,32,41
604. 11.08.1968 6,16,32,37,39,44
605. 18.08.1968 2,10,11,26,35,44
606. 25.08.1968 1,3,8,22,30,35
607. 01.09.1968 15,25,28,32,34,42
608. 08.09.1968 2,16,25,27,32,39
609. 15.09.1968 4,8,17,24,29,46
610. 22.09.1968 9,13,15,28,33,44
611. 29.09.1968 3,22,29,39,43,46
612. 06.10.1968 4,9,12,29,30,33
613. 13.10.1968 1,6,14,20,27,29
614. 20.10.1968 10,11,12,26,30,41
615. 27.10.1968 8,12,13,21,25,29
616. 03.11.1968 7,11,16,32,33,47
617. 10.11.1968 5,7,13,20,32,41
618. 17.11.1968 6,16,21,30,40,47
619. 24.11.1968 11,18,19,32,35,39
620. 01.12.1968 17,22,24,25,36,48
621. 08.12.1968 1,6,10,13,32,33
622. 15.12.1968 2,23,30,33,40,46
623. 22.12.1968 11,14,18,33,45,47
624. 29.12.1968 5,7,28,31,44,49
625. 05.01.1969 2,18,28,30,34,46
626. 12.01.1969 3,12,14,21,34,36
627. 19.01.1969 3,7,13,34,35,49
628. 26.01.1969 2,9,17,26,30,40
629. 02.02.1969 2,7,13,17,25,28
630. 09.02.1969 16,22,34,35,41,48
631. 16.02.1969 7,12,13,18,21,24
632. 23.02.1969 1,3,11,15,42,46
633. 02.03.1969 2,26,29,45,46,47
634. 02.03.1969 10,29,30,38,39,45
635. 09.03.1969 6,16,24,39,46,47
636. 16.03.1969 12,14,20,24,31,37
637. 23.03.1969 1,14,15,16,30,33
638. 30.03.1969 12,14,15,33,39,46
639. 06.04.1969 3,19,24,41,42,45
640. 13.04.1969 6,8,17,19,24,26
641. 20.04.1969 13,16,27,29,40,46
642. 27.04.1969 2,5,38,40,44,49
643. 04.05.1969 3,10,26,32,40,49
644. 11.05.1969 5,8,9,23,29,30
645. 18.05.1969 6,25,26,33,34,35
646. 25.05.1969 11,15,17,29,38,45
647. 01.06.1969 11,17,33,35,45,49
648. 08.06.1969 12,16,17,37,42,48
649. 15.06.1969 5,7,13,22,24,32
650. 22.06.1969 6,15,28,39,43,48
651. 29.06.1969 2,3,7,13,21,22
652. 06.07.1969 3,10,26,30,33,43
653. 13.07.1969 3,14,15,28,33,42
654. 20.07.1969 6,13,20,28,44,48
655. 27.07.1969 9,17,25,26,47,48
656. 03.08.1969 6,8,16,19,21,33
657. 10.08.1969 10,13,17,34,38,49
658. 17.08.1969 14,21,22,25,30,38
659. 24.08.1969 21,29,38,45,47,49
660. 31.08.1969 7,9,10,17,30,31
661. 07.09.1969 26,30,35,36,42,43
662. 14.09.1969 4,5,8,22,34,46
663. 21.09.1969 7,13,20,31,47,48
664. 28.09.1969 8,11,16,17,32,36
665. 05.10.1969 13,17,36,37,44,45
666. 12.10.1969 4,17,23,38,41,49
667. 19.10.1969 14,17,28,31,32,47
668. 26.10.1969 1,6,20,25,26,45
669. 02.11.1969 4,11,13,23,31,40
670. 09.11.1969 5,14,27,42,44,49
671. 16.11.1969 5,12,15,24,28,45
672. 23.11.1969 7,17,29,31,37,40
673. 30.11.1969 1,8,22,34,39,47
674. 07.12.1969 4,13,15,25,27,31
675. 07.12.1969 6,8,18,19,48,49
676. 14.12.1969 13,23,26,27,40,44
677. 21.12.1969 3,28,32,36,37,40
678. 28.12.1969 7,17,26,32,34,38
679. 04.01.1970 3,13,19,22,32,36
680. 11.01.1970 12,19,28,29,40,45
681. 18.01.1970 5,9,24,27,38,43
682. 25.01.1970 10,12,18,34,41,44
683. 01.02.1970 9,16,19,27,36,47
684. 08.02.1970 3,15,17,25,42,47
685. 15.02.1970 10,26,29,32,42,46
686. 22.02.1970 7,20,21,24,29,32
687. 01.03.1970 3,15,19,22,30,45
688. 01.03.1970 8,15,17,20,21,31
689. 08.03.1970 1,19,25,38,43,45
690. 15.03.1970 1,3,26,37,39,42
691. 22.03.1970 17,18,22,24,34,44
692. 29.03.1970 15,18,35,46,48,49
693. 05.04.1970 4,6,7,14,15,22
694. 12.04.1970 4,11,25,31,36,43
695. 19.04.1970 10,24,27,29,33,39
696. 26.04.1970 20,28,30,36,45,48
697. 03.05.1970 3,4,10,16,26,48
698. 10.05.1970 9,21,28,36,38,46
699. 17.05.1970 1,23,28,33,45,49
700. 24.05.1970 12,27,28,34,37,39
701. 31.05.1970 10,18,23,37,38,47
702. 07.06.1970 1,20,31,38,45,49
703. 14.06.1970 14,17,22,25,45,46
704. 21.06.1970 1,10,22,30,45,47
705. 28.06.1970 1,4,11,18,33,44
706. 05.07.1970 3,6,9,12,20,41
707. 12.07.1970 4,10,15,22,24,45
708. 19.07.1970 3,4,6,7,15,25
709. 26.07.1970 5,18,22,24,30,34
710. 02.08.1970 7,19,36,41,44,48
711. 09.08.1970 14,21,24,26,38,44
712. 16.08.1970 7,10,11,23,24,28
713. 23.08.1970 15,20,22,36,37,44
714. 30.08.1970 13,20,26,36,42,44
715. 06.09.1970 1,11,12,34,46,48
716. 13.09.1970 4,5,11,33,44,47
717. 20.09.1970 3,9,11,17,22,31
718. 27.09.1970 19,24,26,35,42,45
719. 04.10.1970 2,20,27,29,33,44
720. 11.10.1970 14,17,21,28,29,36
721. 18.10.1970 3,6,11,27,39,45
722. 25.10.1970 21,22,23,44,46,49
723. 01.11.1970 5,21,29,41,44,46
724. 08.11.1970 11,13,20,32,33,41
725. 15.11.1970 12,16,34,38,42,44
726. 22.11.1970 1,5,7,9,38,45
727. 29.11.1970 4,5,22,35,36,43
728. 06.12.1970 21,35,42,43,44,45
729. 13.12.1970 3,4,8,21,22,24
730. 20.12.1970 3,4,12,20,33,35
731. 27.12.1970 10,17,26,34,35,44
732. 03.01.1971 13,15,16,27,30,38
733. 10.01.1971 7,13,15,18,31,47
734. 17.01.1971 9,11,16,40,46,47
735. 17.01.1971 1,13,17,28,44,47
736. 24.01.1971 2,5,36,43,45,48
737. 31.01.1971 3,5,14,31,34,38
738. 07.02.1971 13,33,35,46,48,49
739. 14.02.1971 12,24,32,42,44,48
740. 21.02.1971 2,6,11,15,16,19
741. 28.02.1971 3,7,20,23,40,43
742. 07.03.1971 1,15,28,32,40,44
743. 07.03.1971 15,16,21,27,33,41
744. 14.03.1971 8,26,28,38,43,44
745. 21.03.1971 9,22,34,39,41,45
746. 28.03.1971 8,12,21,34,41,49
747. 04.04.1971 8,26,27,35,38,48
748. 11.04.1971 12,13,14,22,26,29
749. 18.04.1971 8,17,37,38,43,48
750. 25.04.1971 28,30,35,36,40,49
751. 02.05.1971 10,11,18,22,23,38
752. 09.05.1971 5,14,15,18,40,42
753. 09.05.1971 2,6,10,36,38,45
754. 16.05.1971 9,18,32,36,38,47
755. 23.05.1971 9,24,26,30,35,36
756. 30.05.1971 13,15,20,29,40,49
757. 06.06.1971 14,15,37,40,42,45
758. 13.06.1971 22,24,28,37,41,48
759. 20.06.1971 3,4,18,19,33,34
760. 27.06.1971 15,27,34,40,43,48
761. 04.07.1971 20,27,30,38,47,49
762. 11.07.1971 5,13,20,24,39,43
763. 18.07.1971 9,17,18,30,32,38
764. 25.07.1971 8,22,27,38,44,48
765. 01.08.1971 5,13,18,23,30,32
766. 08.08.1971 7,8,14,18,35,42
767. 15.08.1971 17,24,29,30,37,40
768. 22.08.1971 2,10,11,16,30,39
769. 29.08.1971 17,18,22,32,33,34
770. 05.09.1971 5,10,14,28,34,45
771. 12.09.1971 4,5,23,31,39,44
772. 12.09.1971 7,11,18,21,30,35
773. 19.09.1971 1,14,17,19,21,45
774. 26.09.1971 1,24,30,31,38,43
775. 03.10.1971 2,4,15,29,33,48
776. 10.10.1971 11,12,25,36,42,48
777. 10.10.1971 3,7,23,26,45,48
778. 17.10.1971 2,5,17,19,42,45
779. 24.10.1971 6,15,27,28,29,44
780. 31.10.1971 6,12,32,35,37,48
781. 07.11.1971 4,9,13,19,35,43
782. 14.11.1971 1,2,5,9,10,13
783. 14.11.1971 2,3,11,33,44,45
784. 21.11.1971 14,15,27,28,29,35
785. 28.11.1971 17,24,26,43,46,49
786. 05.12.1971 15,23,30,33,45,47
787. 12.12.1971 3,20,27,33,40,48
788. 12.12.1971 3,4,6,16,45,48
789. 19.12.1971 3,4,8,32,39,49
790. 26.12.1971 7,13,26,38,45,46
791. 02.01.1972 1,13,22,26,42,47
792. 09.01.1972 9,10,20,34,35,40
793. 09.01.1972 5,18,19,28,34,46
794. 16.01.1972 3,7,20,27,38,45
795. 23.01.1972 12,14,19,23,33,46
796. 30.01.1972 1,10,17,25,31,40
797. 06.02.1972 1,5,15,32,42,49
798. 13.02.1972 2,16,30,31,40,42
799. 13.02.1972 6,10,13,24,31,46
800. 20.02.1972 20,22,31,34,39,46
801. 27.02.1972 9,18,29,30,38,44
802. 05.03.1972 1,5,12,37,39,43
803. 05.03.1972 10,12,21,22,29,31
804. 12.03.1972 11,21,23,42,45,47
805. 19.03.1972 8,12,30,33,45,46
806. 26.03.1972 4,8,21,23,25,49
807. 02.04.1972 2,10,16,33,40,43
808. 09.04.1972 16,17,23,25,28,36
809. 09.04.1972 9,12,16,21,29,43
810. 16.04.1972 6,20,29,30,36,44
811. 23.04.1972 10,14,30,37,42,45
812. 30.04.1972 3,9,13,24,39,44
813. 07.05.1972 3,6,7,21,41,45
814. 07.05.1972 9,14,15,23,25,39
815. 14.05.1972 9,14,15,19,27,46
816. 21.05.1972 2,4,23,25,28,33
817. 28.05.1972 2,3,10,28,33,44
818. 04.06.1972 4,5,8,9,20,49
819. 11.06.1972 13,21,28,29,32,40
820. 11.06.1972 1,9,16,32,37,38
821. 18.06.1972 7,19,31,38,41,46
822. 25.06.1972 21,22,26,32,38,39
823. 02.07.1972 3,9,13,22,25,44
824. 09.07.1972 1,8,10,28,40,49
825. 09.07.1972 1,3,4,35,37,48
826. 16.07.1972 11,12,13,14,24,45
827. 23.07.1972 7,13,25,28,36,39
828. 30.07.1972 2,12,13,16,41,43
829. 06.08.1972 8,9,21,35,38,48
830. 13.08.1972 14,15,27,42,43,49
831. 13.08.1972 1,9,11,12,13,19
832. 20.08.1972 2,5,11,21,27,44
833. 27.08.1972 7,16,25,34,37,46
834. 03.09.1972 21,24,28,34,42,44
835. 10.09.1972 8,14,17,18,24,33
836. 10.09.1972 4,8,14,22,26,27
837. 17.09.1972 2,8,18,30,44,46
838. 24.09.1972 2,9,10,15,43,46
839. 01.10.1972 6,29,30,36,43,48
840. 01.10.1972 6,18,23,32,39,49
841. 08.10.1972 2,8,10,21,27,47
842. 08.10.1972 13,20,21,25,40,49
843. 15.10.1972 14,19,24,28,47,49
844. 22.10.1972 5,10,18,27,36,46
845. 29.10.1972 14,16,21,26,32,37
846. 05.11.1972 2,13,16,20,24,43
847. 05.11.1972 1,5,14,15,28,41
848. 12.11.1972 14,15,34,35,45,49
849. 12.11.1972 15,20,26,28,35,36
850. 19.11.1972 1,8,23,36,38,44
851. 26.11.1972 12,16,17,21,32,36
852. 03.12.1972 5,12,23,35,36,38
853. 03.12.1972 3,16,19,27,41,48
854. 10.12.1972 7,22,34,37,41,45
855. 10.12.1972 1,2,3,8,33,37
856. 17.12.1972 1,7,16,21,26,32
857. 24.12.1972 11,12,15,30,33,36
858. 31.12.1972 1,6,11,28,31,42
859. 07.01.1973 5,26,27,29,39,49
860. 07.01.1973 5,13,20,24,27,38
861. 14.01.1973 2,29,31,40,41,48
862. 14.01.1973 13,17,23,26,31,48
863. 21.01.1973 6,13,17,18,23,33
864. 28.01.1973 3,17,29,39,40,49
865. 04.02.1973 6,18,27,29,43,45
866. 04.02.1973 7,19,20,22,39,43
867. 11.02.1973 5,18,21,28,29,33
868. 11.02.1973 5,9,24,31,45,46
869. 18.02.1973 14,19,28,31,37,48
870. 25.02.1973 4,5,10,36,38,44
871. 04.03.1973 2,11,12,14,33,37
872. 04.03.1973 1,2,27,34,45,48
873. 11.03.1973 2,5,8,25,29,47
874. 11.03.1973 7,8,13,14,36,44
875. 18.03.1973 1,11,23,31,37,41
876. 25.03.1973 4,12,26,34,37,38
877. 01.04.1973 9,20,25,30,36,40
878. 01.04.1973 15,20,22,33,35,42
879. 08.04.1973 13,24,30,35,43,49
880. 08.04.1973 8,11,32,33,36,38
881. 15.04.1973 16,21,22,32,42,44
882. 22.04.1973 9,17,19,23,46,48
883. 29.04.1973 21,23,24,36,38,43
884. 06.05.1973 2,4,15,20,22,29
885. 06.05.1973 1,8,17,18,22,44
886. 13.05.1973 15,27,34,37,47,48
887. 13.05.1973 8,10,27,33,43,44
888. 20.05.1973 8,11,19,29,32,33
889. 27.05.1973 12,14,15,16,30,48
890. 03.06.1973 1,7,12,14,26,37
891. 03.06.1973 6,12,31,36,42,49
892. 10.06.1973 5,6,12,13,18,24
893. 10.06.1973 6,14,21,28,34,38
894. 17.06.1973 16,17,18,24,35,43
895. 24.06.1973 17,22,26,38,39,49
896. 01.07.1973 2,16,22,42,44,45
897. 01.07.1973 18,20,27,33,34,40
898. 08.07.1973 23,30,39,44,46,47
899. 08.07.1973 5,7,8,11,19,35
900. 15.07.1973 6,29,34,35,36,41
901. 22.07.1973 13,15,22,25,29,42
902. 29.07.1973 6,15,23,24,34,43
903. 05.08.1973 1,15,17,18,35,38
904. 05.08.1973 4,13,25,27,47,48
905. 12.08.1973 26,28,31,32,42,44
906. 12.08.1973 7,19,22,32,37,46
907. 19.08.1973 4,15,24,30,41,45
908. 26.08.1973 5,11,12,22,31,48
909. 02.09.1973 10,33,40,43,44,45
910. 02.09.1973 4,9,12,22,36,41
911. 09.09.1973 10,15,18,20,40,49
912. 09.09.1973 1,33,35,36,40,46
913. 16.09.1973 10,14,19,20,42,49
914. 23.09.1973 6,12,13,26,30,35
915. 30.09.1973 1,7,25,29,37,38
916. 07.10.1973 3,9,12,17,28,40
917. 07.10.1973 1,14,20,25,47,48
918. 14.10.1973 32,36,40,41,44,49
919. 14.10.1973 6,17,20,30,41,42
920. 21.10.1973 3,4,10,13,23,32
921. 28.10.1973 9,11,13,26,29,43
922. 04.11.1973 3,7,22,28,44,46
923. 04.11.1973 12,19,26,27,33,37
924. 11.11.1973 1,26,34,36,42,45
925. 11.11.1973 8,16,42,43,44,47
926. 18.11.1973 1,25,38,40,46,47
927. 25.11.1973 6,8,33,34,47,48
928. 02.12.1973 29,33,42,44,45,47
929. 02.12.1973 13,17,28,29,48,49
930. 09.12.1973 6,11,16,17,21,40
931. 09.12.1973 14,27,30,33,39,42
932. 16.12.1973 9,13,18,23,45,48
933. 23.12.1973 1,6,18,25,42,45
934. 30.12.1973 4,6,20,27,34,42
935. 06.01.1974 9,13,24,36,42,48
936. 06.01.1974 17,33,38,39,40,47
937. 13.01.1974 14,21,26,38,40,46
938. 13.01.1974 3,20,26,32,42,46
939. 20.01.1974 7,8,13,14,22,48
940. 27.01.1974 2,5,34,40,42,47
941. 03.02.1974 2,3,16,23,26,42
942. 03.02.1974 5,26,27,43,45,46
943. 10.02.1974 1,32,34,36,40,49
944. 10.02.1974 5,6,24,32,34,40
945. 17.02.1974 5,10,35,37,47,49
946. 24.02.1974 5,8,32,43,47,49
947. 03.03.1974 1,7,8,18,19,20
948. 03.03.1974 13,16,25,28,41,42
949. 10.03.1974 9,14,16,27,35,45
950. 10.03.1974 13,15,18,27,30,34
951. 17.03.1974 4,25,26,29,31,49
952. 24.03.1974 1,9,10,11,31,37
953. 31.03.1974 11,13,17,28,32,49
954. 07.04.1974 5,14,21,26,35,40
955. 07.04.1974 5,18,20,26,33,49
956. 14.04.1974 14,15,19,34,36,41
957. 14.04.1974 2,10,21,33,35,44
958. 21.04.1974 3,14,21,28,32,36
959. 28.04.1974 1,8,27,33,34,35
960. 05.05.1974 3,5,6,16,18,39
961. 05.05.1974 12,22,29,37,44,48
962. 12.05.1974 10,11,13,27,35,40
963. 12.05.1974 9,13,18,19,25,36
964. 19.05.1974 1,4,7,28,33,49
965. 26.05.1974 1,5,6,11,20,42
966. 02.06.1974 1,7,12,23,33,37
967. 02.06.1974 8,9,20,24,31,43
968. 09.06.1974 6,14,24,26,34,42
969. 09.06.1974 14,31,33,34,40,47
970. 16.06.1974 10,19,26,29,37,49
971. 23.06.1974 11,16,28,40,43,46
972. 30.06.1974 7,8,15,24,43,49
973. 07.07.1974 1,18,29,40,42,49
974. 07.07.1974 8,14,19,30,35,38
975. 14.07.1974 6,9,16,27,39,49
976. 14.07.1974 2,7,12,32,35,37
977. 21.07.1974 6,8,12,13,17,31
978. 28.07.1974 15,17,34,37,43,45
979. 04.08.1974 4,5,17,20,35,46
980. 04.08.1974 5,6,15,19,40,45
981. 11.08.1974 8,9,19,31,34,38
982. 11.08.1974 4,8,23,27,28,41
983. 18.08.1974 6,9,10,20,29,42
984. 25.08.1974 13,32,36,45,47,48
985. 01.09.1974 2,19,24,26,39,47
986. 01.09.1974 1,15,22,30,35,40
987. 08.09.1974 4,21,22,25,44,47
988. 08.09.1974 1,19,24,35,37,39
989. 15.09.1974 1,14,22,25,29,31
990. 22.09.1974 1,2,12,31,39,42
991. 29.09.1974 3,6,7,18,27,49
992. 06.10.1974 3,17,23,31,39,41
993. 06.10.1974 3,15,20,31,42,47
994. 13.10.1974 11,20,26,31,35,36
995. 13.10.1974 11,21,23,24,33,44
996. 20.10.1974 5,8,11,13,35,49
997. 27.10.1974 16,25,33,37,38,49
998. 03.11.1974 16,21,28,33,40,46
999. 03.11.1974 6,15,20,27,37,40
1000. 10.11.1974 2,6,7,25,28,33
1001. 10.11.1974 2,5,9,16,22,42
1002. 17.11.1974 8,18,20,29,34,40
1003. 17.11.1974 19,25,29,37,41,48
1004. 24.11.1974 1,8,17,21,38,40
1005. 24.11.1974 4,18,24,30,35,36
1006. 01.12.1974 12,18,20,21,29,36
1007. 01.12.1974 2,33,35,36,37,43
1008. 08.12.1974 5,13,22,29,31,42
1009. 08.12.1974 10,13,25,43,45,47
1010. 15.12.1974 7,15,34,37,40,45
1011. 15.12.1974 1,3,21,41,43,45
1012. 22.12.1974 11,17,22,34,35,40
1013. 22.12.1974 12,17,21,34,38,47
1014. 29.12.1974 2,5,11,25,31,45
1015. 29.12.1974 17,18,19,23,28,29
1016. 05.01.1975 8,20,21,44,48,49
1017. 05.01.1975 13,15,20,29,31,35
1018. 12.01.1975 4,19,24,28,32,33
1019. 12.01.1975 3,13,19,21,37,44
1020. 19.01.1975 1,30,31,35,41,42
1021. 19.01.1975 3,17,25,32,33,37
1022. 26.01.1975 19,26,27,30,36,40
1023. 26.01.1975 10,13,26,27,30,36
1024. 02.02.1975 5,9,11,13,20,26
1025. 02.02.1975 3,6,15,31,37,40
1026. 09.02.1975 2,6,8,22,36,44
1027. 09.02.1975 3,15,16,19,36,47
1028. 16.02.1975 7,10,13,14,38,43
1029. 16.02.1975 5,10,19,37,40,48
1030. 23.02.1975 4,10,14,22,40,47
1031. 23.02.1975 6,18,22,26,30,38
1032. 02.03.1975 8,15,17,32,40,46
1033. 02.03.1975 7,26,30,36,41,45
1034. 09.03.1975 12,13,20,30,34,37
1035. 09.03.1975 9,18,19,20,24,41
1036. 16.03.1975 5,12,13,39,41,46
1037. 16.03.1975 9,11,19,25,27,43
1038. 23.03.1975 3,29,30,34,38,43
1039. 23.03.1975 3,21,27,28,46,49
1040. 30.03.1975 4,8,9,13,16,21
1041. 30.03.1975 2,22,30,31,34,43
1042. 06.04.1975 1,8,13,18,34,41
1043. 06.04.1975 16,20,32,33,43,46
1044. 13.04.1975 5,24,31,36,39,48
1045. 13.04.1975 7,8,16,37,45,47
1046. 20.04.1975 2,4,26,27,32,48
1047. 20.04.1975 3,26,29,45,46,48
1048. 27.04.1975 8,10,11,23,24,44
1049. 27.04.1975 7,9,16,19,40,46
1050. 04.05.1975 2,3,9,16,44,47
1051. 04.05.1975 28,35,37,43,47,49
1052. 11.05.1975 1,11,15,33,38,49
1053. 11.05.1975 5,8,18,22,47,48
1054. 18.05.1975 2,4,8,23,24,40
1055. 18.05.1975 2,5,7,12,31,45
1056. 25.05.1975 19,22,25,32,40,46
1057. 25.05.1975 2,19,29,35,37,48
1058. 01.06.1975 7,9,13,27,31,43
1059. 01.06.1975 13,16,26,29,37,42
1060. 08.06.1975 9,11,21,28,31,34
1061. 08.06.1975 17,23,33,38,47,49
1062. 15.06.1975 14,21,30,34,40,48
1063. 15.06.1975 4,18,21,22,28,44
1064. 22.06.1975 5,10,12,14,32,35
1065. 22.06.1975 3,7,21,22,38,49
1066. 29.06.1975 13,14,25,44,45,47
1067. 29.06.1975 2,3,8,17,29,33
1068. 06.07.1975 1,2,6,7,13,17
1069. 06.07.1975 4,9,16,29,35,45
1070. 13.07.1975 3,4,21,22,34,41
1071. 13.07.1975 10,11,24,26,41,45
1072. 20.07.1975 13,23,24,34,39,42
1073. 20.07.1975 3,6,14,30,32,44
1074. 27.07.1975 16,27,28,33,34,45
1075. 27.07.1975 1,10,14,23,28,48
1076. 03.08.1975 14,25,35,41,42,47
1077. 03.08.1975 16,26,36,41,44,48
1078. 10.08.1975 7,15,17,27,32,42
1079. 10.08.1975 14,18,19,23,37,39
1080. 17.08.1975 18,21,24,31,36,45
1081. 17.08.1975 14,29,32,37,40,41
1082. 24.08.1975 2,15,20,23,30,37
1083. 24.08.1975 9,14,26,27,39,46
1084. 31.08.1975 2,12,13,30,42,47
1085. 31.08.1975 6,10,13,14,38,49
1086. 07.09.1975 1,19,23,39,45,46
1087. 07.09.1975 6,12,13,37,39,40
1088. 14.09.1975 5,18,28,32,42,43
1089. 14.09.1975 1,4,5,15,28,49
1090. 21.09.1975 1,9,15,24,30,44
1091. 21.09.1975 2,7,14,17,21,41
1092. 28.09.1975 7,13,17,21,28,33
1093. 28.09.1975 3,9,15,35,36,38
1094. 05.10.1975 7,11,13,27,36,40
1095. 05.10.1975 9,25,30,31,36,48
1096. 12.10.1975 8,11,28,33,40,49
1097. 12.10.1975 5,15,29,34,44,47
1098. 19.10.1975 8,24,27,32,44,47
1099. 19.10.1975 14,19,24,25,26,37
1100. 26.10.1975 15,24,31,38,39,43
1101. 26.10.1975 3,8,34,35,36,48
1102. 02.11.1975 5,10,27,29,45,47
1103. 02.11.1975 24,28,34,37,44,47
1104. 09.11.1975 3,10,16,25,27,40
1105. 09.11.1975 6,10,31,42,46,47
1106. 16.11.1975 10,20,24,26,39,46
1107. 16.11.1975 25,28,30,31,35,42
1108. 23.11.1975 7,18,21,24,27,40
1109. 23.11.1975 8,27,30,41,44,49
1110. 30.11.1975 1,4,21,22,27,35
1111. 30.11.1975 4,24,34,40,44,47
1112. 07.12.1975 1,4,15,16,17,33
1113. 07.12.1975 4,20,22,36,42,44
1114. 14.12.1975 6,17,22,41,47,48
1115. 14.12.1975 10,19,30,32,39,44
1116. 21.12.1975 5,6,7,16,33,35
1117. 21.12.1975 13,14,24,25,43,46
1118. 28.12.1975 5,6,11,33,40,45
1119. 28.12.1975 1,2,11,15,28,46
1120. 04.01.1976 17,29,37,38,42,44
1121. 04.01.1976 1,10,23,37,44,48
1122. 11.01.1976 8,14,18,25,29,40
1123. 11.01.1976 17,20,24,30,36,41
1124. 18.01.1976 3,4,13,18,21,44
1125. 18.01.1976 11,20,21,29,38,47
1126. 25.01.1976 7,11,20,22,32,33
1127. 25.01.1976 2,12,17,21,30,38
1128. 01.02.1976 4,16,17,19,39,48
1129. 01.02.1976 8,17,25,33,41,45
1130. 08.02.1976 6,25,28,35,36,45
1131. 08.02.1976 8,15,19,24,45,46
1132. 15.02.1976 4,9,14,24,44,45
1133. 15.02.1976 2,4,32,37,39,43
1134. 22.02.1976 8,11,21,38,39,49
1135. 22.02.1976 15,19,21,31,36,41
1136. 29.02.1976 3,11,12,21,25,30
1137. 29.02.1976 9,27,30,32,37,48
1138. 07.03.1976 1,2,17,29,38,47
1139. 07.03.1976 7,16,18,20,21,23
1140. 14.03.1976 4,6,11,25,29,45
1141. 14.03.1976 8,25,27,30,36,39
1142. 21.03.1976 5,17,21,31,37,42
1143. 21.03.1976 6,15,19,20,22,33
1144. 28.03.1976 8,16,19,25,31,32
1145. 28.03.1976 4,8,9,25,38,47
1146. 04.04.1976 2,14,27,37,38,47
1147. 04.04.1976 3,21,32,34,36,37
1148. 11.04.1976 4,5,8,12,17,22
1149. 11.04.1976 4,5,13,17,33,42
1150. 18.04.1976 4,8,12,32,38,40
1151. 18.04.1976 1,4,11,33,42,46
1152. 25.04.1976 12,21,22,23,35,46
1153. 25.04.1976 12,17,25,27,31,34
1154. 02.05.1976 6,17,29,37,38,47
1155. 02.05.1976 3,4,17,21,43,49
1156. 09.05.1976 12,16,21,23,39,43
1157. 09.05.1976 4,10,15,18,38,39
1158. 16.05.1976 1,10,11,26,33,37
1159. 16.05.1976 1,8,35,45,47,49
1160. 23.05.1976 15,24,33,41,42,43
1161. 23.05.1976 5,13,22,23,24,29
1162. 30.05.1976 10,20,23,31,35,39
1163. 30.05.1976 3,4,19,25,29,41
1164. 06.06.1976 3,9,14,18,22,36
1165. 06.06.1976 11,15,27,34,40,46
1166. 13.06.1976 5,28,32,35,43,45
1167. 13.06.1976 4,6,8,28,29,36
1168. 20.06.1976 1,17,25,33,44,48
1169. 20.06.1976 6,22,25,32,43,46
1170. 27.06.1976 3,5,19,29,37,48
1171. 27.06.1976 6,13,18,27,34,38
1172. 04.07.1976 5,7,19,35,39,45
1173. 04.07.1976 13,21,22,25,29,48
1174. 11.07.1976 3,15,36,37,38,42
1175. 11.07.1976 1,2,5,12,23,36
1176. 18.07.1976 5,6,17,20,35,36
1177. 18.07.1976 6,18,29,32,37,48
1178. 25.07.1976 8,17,21,28,29,48
1179. 25.07.1976 9,14,18,19,41,46
1180. 01.08.1976 8,10,15,21,31,32
1181. 01.08.1976 9,20,24,31,42,45
1182. 08.08.1976 1,10,18,41,44,46
1183. 08.08.1976 10,21,26,33,35,41
1184. 15.08.1976 7,26,34,38,46,48
1185. 15.08.1976 15,25,26,31,43,48
1186. 22.08.1976 27,34,35,38,39,45
1187. 22.08.1976 2,20,21,24,39,49
1188. 29.08.1976 6,14,19,26,28,42
1189. 29.08.1976 6,12,19,34,41,48
1190. 05.09.1976 5,23,35,39,41,49
1191. 05.09.1976 12,18,24,29,37,49
1192. 12.09.1976 9,18,25,38,45,48
1193. 12.09.1976 6,19,22,40,47,49
1194. 19.09.1976 9,11,15,21,24,47
1195. 19.09.1976 6,16,22,35,39,48
1196. 26.09.1976 4,10,19,31,35,49
1197. 26.09.1976 7,14,17,27,33,46
1198. 03.10.1976 21,27,33,36,39,41
1199. 03.10.1976 7,13,25,34,38,46
1200. 10.10.1976 3,14,17,18,27,44
1201. 10.10.1976 8,9,17,26,29,48
1202. 17.10.1976 2,3,14,22,45,46
1203. 17.10.1976 10,16,32,39,44,46
1204. 24.10.1976 2,7,15,17,22,40
1205. 24.10.1976 1,14,27,29,39,40
1206. 31.10.1976 6,19,25,34,37,47
1207. 31.10.1976 3,10,11,24,30,44
1208. 07.11.1976 3,4,11,13,27,32
1209. 07.11.1976 2,4,8,19,32,40
1210. 14.11.1976 12,19,22,35,43,47
1211. 14.11.1976 6,20,29,37,46,47
1212. 21.11.1976 4,9,13,16,25,28
1213. 21.11.1976 21,26,41,42,46,48
1214. 28.11.1976 13,28,30,32,38,48
1215. 28.11.1976 10,13,14,22,33,47
1216. 05.12.1976 6,9,11,33,40,41
1217. 05.12.1976 9,18,22,24,34,39
1218. 12.12.1976 11,20,22,24,25,48
1219. 12.12.1976 12,24,26,28,39,46
1220. 19.12.1976 12,18,27,37,42,46
1221. 19.12.1976 11,12,23,34,35,39
1222. 26.12.1976 5,21,28,41,42,48
1223. 26.12.1976 5,8,35,36,45,47
1224. 02.01.1977 14,22,23,31,39,43
1225. 02.01.1977 7,11,15,17,30,31
1226. 09.01.1977 5,20,25,42,43,45
1227. 09.01.1977 4,10,24,34,35,45
1228. 16.01.1977 3,8,14,17,18,23
1229. 16.01.1977 4,7,11,29,32,47
1230. 23.01.1977 7,8,14,37,46,48
1231. 23.01.1977 4,8,15,24,33,34
1232. 30.01.1977 11,17,20,21,22,26
1233. 30.01.1977 3,22,28,31,48,49
1234. 06.02.1977 8,14,21,33,41,44
1235. 06.02.1977 7,11,22,27,32,35
1236. 13.02.1977 2,6,7,13,29,46
1237. 13.02.1977 3,4,7,8,23,27
1238. 20.02.1977 2,7,27,32,34,40
1239. 20.02.1977 10,22,27,31,33,37
1240. 27.02.1977 13,14,27,32,46,47
1241. 27.02.1977 23,25,27,31,35,46
1242. 06.03.1977 11,19,29,31,36,49
1243. 06.03.1977 2,11,16,20,29,34
1244. 13.03.1977 10,14,16,34,41,46
1245. 13.03.1977 19,23,24,35,37,45
1246. 20.03.1977 15,16,31,38,41,48
1247. 20.03.1977 7,8,16,37,38,47
1248. 27.03.1977 6,16,27,36,37,45
1249. 27.03.1977 5,14,22,31,41,42
1250. 03.04.1977 24,30,33,36,37,46
1251. 03.04.1977 4,20,23,31,32,40
1252. 10.04.1977 2,15,22,30,31,34
1253. 10.04.1977 2,4,7,17,22,36
1254. 17.04.1977 8,22,25,28,35,39
1255. 17.04.1977 2,9,15,20,29,49
1256. 24.04.1977 4,7,14,35,37,48
1257. 24.04.1977 6,9,11,39,45,46
1258. 01.05.1977 11,17,29,34,35,49
1259. 01.05.1977 12,29,31,41,42,46
1260. 08.05.1977 17,20,21,23,26,44
1261. 08.05.1977 2,8,13,24,28,43
1262. 15.05.1977 5,9,13,26,36,42
1263. 15.05.1977 5,8,19,32,41,46
1264. 22.05.1977 7,13,15,17,19,39
1265. 22.05.1977 5,11,29,30,32,46
1266. 29.05.1977 3,5,15,16,32,45
1267. 29.05.1977 3,7,16,33,34,48
1268. 05.06.1977 7,21,27,31,47,49
1269. 05.06.1977 5,15,19,23,30,34
1270. 12.06.1977 2,7,8,11,39,41
1271. 12.06.1977 8,13,26,41,44,45
1272. 19.06.1977 6,11,19,26,37,46
1273. 19.06.1977 1,15,24,29,35,44
1274. 26.06.1977 3,20,24,34,36,43
1275. 26.06.1977 1,9,20,28,38,40
1276. 03.07.1977 2,17,26,40,45,49
1277. 03.07.1977 5,10,23,28,30,46
1278. 10.07.1977 2,24,31,39,47,49
1279. 10.07.1977 19,24,25,37,40,42
1280. 17.07.1977 12,14,23,26,44,47
1281. 17.07.1977 11,26,28,31,37,43
1282. 24.07.1977 19,27,30,32,39,44
1283. 24.07.1977 8,14,19,24,46,49
1284. 31.07.1977 13,22,29,30,37,40
1285. 31.07.1977 7,10,16,22,39,45
1286. 07.08.1977 12,21,24,27,34,44
1287. 07.08.1977 7,18,22,24,37,48
1288. 14.08.1977 7,14,19,22,24,41
1289. 14.08.1977 12,18,23,24,34,44
1290. 21.08.1977 1,4,10,18,42,44
1291. 21.08.1977 8,11,12,25,31,48
1292. 28.08.1977 8,12,34,37,39,43
1293. 28.08.1977 2,15,16,18,36,42
1294. 04.09.1977 5,26,27,31,48,49
1295. 04.09.1977 2,13,16,19,25,33
1296. 11.09.1977 13,23,32,33,43,49
1297. 11.09.1977 3,8,9,10,29,46
1298. 18.09.1977 3,4,26,28,33,38
1299. 18.09.1977 1,4,15,23,28,36
1300. 25.09.1977 1,3,7,11,21,40
1301. 25.09.1977 17,21,24,25,39,41
1302. 02.10.1977 2,7,8,13,36,47
1303. 02.10.1977 23,28,34,39,40,46
1304. 09.10.1977 3,11,24,28,35,40
1305. 09.10.1977 16,18,31,42,43,48
1306. 16.10.1977 5,13,17,21,22,36
1307. 16.10.1977 3,4,22,32,44,48
1308. 23.10.1977 1,22,25,30,44,45
1309. 23.10.1977 6,19,23,31,46,48
1310. 30.10.1977 26,33,34,41,44,45
1311. 30.10.1977 17,23,24,38,39,42
1312. 06.11.1977 1,4,11,20,30,48
1313. 06.11.1977 1,18,19,28,33,43
1314. 13.11.1977 1,19,24,28,41,43
1315. 13.11.1977 9,17,18,38,39,40
1316. 20.11.1977 27,34,42,45,47,49
1317. 20.11.1977 5,17,27,37,39,49
1318. 27.11.1977 9,12,17,27,29,43
1319. 27.11.1977 15,25,26,28,37,41
1320. 04.12.1977 1,2,12,39,45,49
1321. 04.12.1977 6,14,25,39,46,48
1322. 11.12.1977 13,15,16,29,31,35
1323. 11.12.1977 6,9,11,30,36,38
1324. 18.12.1977 7,11,23,28,45,46
1325. 18.12.1977 8,19,33,38,42,43
1326. 25.12.1977 4,8,11,29,40,45
1327. 25.12.1977 11,19,23,33,42,49
1328. 01.01.1978 4,11,15,22,35,37
1329. 01.01.1978 2,12,20,34,36,44
1330. 08.01.1978 9,14,22,26,32,47
1331. 08.01.1978 1,17,29,34,38,46
1332. 15.01.1978 20,28,29,42,44,46
1333. 15.01.1978 2,16,26,27,35,41
1334. 22.01.1978 9,22,24,27,29,47
1335. 22.01.1978 6,11,12,16,37,39
1336. 29.01.1978 3,14,37,41,47,48
1337. 29.01.1978 3,4,10,13,14,49
1338. 05.02.1978 4,7,31,35,40,41
1339. 05.02.1978 2,21,22,23,38,40
1340. 12.02.1978 4,10,19,25,28,40
1341. 12.02.1978 5,15,37,41,42,49
1342. 19.02.1978 4,20,22,23,29,43
1343. 19.02.1978 2,12,21,27,30,43
1344. 26.02.1978 10,11,12,17,44,49
1345. 26.02.1978 4,18,21,30,35,47
1346. 05.03.1978 1,16,25,27,46,49
1347. 05.03.1978 16,18,33,37,40,41
1348. 12.03.1978 8,14,17,21,36,41
1349. 12.03.1978 8,19,25,26,27,45
1350. 19.03.1978 2,21,25,29,32,38
1351. 19.03.1978 5,13,30,36,38,42
1352. 26.03.1978 16,19,24,26,34,41
1353. 26.03.1978 18,28,41,43,44,48
1354. 02.04.1978 5,7,10,16,43,47
1355. 02.04.1978 16,17,23,24,27,33
1356. 09.04.1978 19,25,28,34,38,47
1357. 09.04.1978 3,5,19,36,40,46
1358. 16.04.1978 14,17,22,32,37,44
1359. 16.04.1978 3,22,27,44,46,49
1360. 23.04.1978 11,24,27,39,40,42
1361. 23.04.1978 9,11,15,24,25,49
1362. 30.04.1978 14,27,33,42,43,49
1363. 30.04.1978 2,10,16,19,35,37
1364. 07.05.1978 1,16,19,26,34,48
1365. 07.05.1978 2,9,19,23,32,40
1366. 14.05.1978 3,16,18,26,27,28
1367. 14.05.1978 1,18,26,29,40,43
1368. 21.05.1978 1,26,29,39,40,48
1369. 21.05.1978 7,17,24,34,37,38
1370. 28.05.1978 12,14,16,18,19,38
1371. 28.05.1978 1,14,19,28,32,38
1372. 04.06.1978 18,24,27,35,37,39
1373. 04.06.1978 2,12,13,19,29,37
1374. 11.06.1978 25,29,31,41,42,45
1375. 11.06.1978 2,3,12,13,33,47
1376. 18.06.1978 10,11,21,31,47,48
1377. 18.06.1978 15,22,23,24,36,43
1378. 25.06.1978 8,23,24,33,35,44
1379. 25.06.1978 21,26,32,39,40,46
1380. 02.07.1978 1,14,34,36,38,44
1381. 02.07.1978 7,13,30,39,42,48
1382. 09.07.1978 1,13,19,20,21,29
1383. 09.07.1978 8,9,16,20,31,33
1384. 16.07.1978 3,11,20,29,38,47
1385. 16.07.1978 13,14,24,35,42,49
1386. 23.07.1978 16,18,23,42,43,49
1387. 23.07.1978 18,22,23,26,28,48
1388. 30.07.1978 4,10,19,29,38,48
1389. 30.07.1978 15,16,18,23,33,34
1390. 06.08.1978 9,16,20,29,33,42
1391. 06.08.1978 4,10,21,22,30,38
1392. 13.08.1978 8,9,18,36,37,45
1393. 13.08.1978 9,27,34,36,40,46
1394. 20.08.1978 18,25,32,33,38,46
1395. 20.08.1978 11,19,36,41,46,47
1396. 27.08.1978 21,23,26,28,30,37
1397. 27.08.1978 4,10,15,33,45,48
1398. 03.09.1978 3,17,30,34,46,48
1399. 03.09.1978 4,34,36,45,46,49
1400. 10.09.1978 3,15,20,27,33,34
1401. 10.09.1978 4,15,25,27,43,47
1402. 17.09.1978 7,14,17,26,38,43
1403. 17.09.1978 22,35,37,38,41,48
1404. 24.09.1978 3,26,35,38,40,46
1405. 24.09.1978 2,17,21,30,38,49
1406. 01.10.1978 3,10,19,21,29,37
1407. 01.10.1978 1,10,20,33,35,42
1408. 08.10.1978 2,7,14,20,33,38
1409. 08.10.1978 12,13,14,28,33,39
1410. 15.10.1978 5,15,25,26,40,42
1411. 15.10.1978 7,12,18,28,45,49
1412. 22.10.1978 3,9,12,16,43,47
1413. 22.10.1978 15,24,27,39,40,42
1414. 29.10.1978 4,15,24,30,32,46
1415. 29.10.1978 2,4,9,11,21,48
1416. 05.11.1978 18,23,29,31,41,46
1417. 05.11.1978 17,22,33,35,44,46
1418. 12.11.1978 2,9,23,36,44,45
1419. 12.11.1978 10,21,22,25,27,39
1420. 19.11.1978 13,22,25,34,38,45
1421. 19.11.1978 17,21,22,26,45,48
1422. 26.11.1978 4,17,25,34,44,48
1423. 26.11.1978 1,16,21,23,26,29
1424. 03.12.1978 1,12,17,21,37,41
1425. 03.12.1978 2,9,21,24,32,41
1426. 10.12.1978 4,5,21,23,38,42
1427. 10.12.1978 19,20,24,42,45,46
1428. 17.12.1978 9,16,22,23,35,40
1429. 17.12.1978 6,10,12,24,37,45
1430. 24.12.1978 24,25,29,30,34,35
1431. 24.12.1978 1,19,26,32,41,48
1432. 31.12.1978 3,18,19,28,33,47
1433. 31.12.1978 5,21,23,25,38,39
1434. 07.01.1979 1,12,26,27,29,49
1435. 07.01.1979 7,17,20,24,31,41
1436. 14.01.1979 3,9,26,28,35,42
1437. 14.01.1979 11,14,15,30,40,44
1438. 21.01.1979 1,6,8,13,42,46
1439. 21.01.1979 2,7,22,27,44,48
1440. 28.01.1979 10,17,26,36,46,47
1441. 28.01.1979 4,17,18,23,24,29
1442. 04.02.1979 12,14,29,33,43,45
1443. 04.02.1979 8,22,27,30,47,48
1444. 11.02.1979 8,13,30,32,36,37
1445. 11.02.1979 17,30,31,42,44,47
1446. 18.02.1979 21,23,24,28,29,36
1447. 18.02.1979 10,29,36,39,47,48
1448. 25.02.1979 12,17,35,37,45,48
1449. 25.02.1979 3,5,27,28,43,46
1450. 04.03.1979 7,10,11,19,21,24
1451. 04.03.1979 1,13,25,39,43,44
1452. 11.03.1979 5,9,11,12,31,34
1453. 11.03.1979 5,10,30,33,36,41
1454. 18.03.1979 5,13,24,32,33,44
1455. 18.03.1979 14,17,18,38,43,46
1456. 25.03.1979 4,10,23,28,42,49
1457. 25.03.1979 1,13,19,34,36,45
1458. 01.04.1979 10,11,18,25,27,31
1459. 01.04.1979 17,20,21,26,43,48
1460. 08.04.1979 10,18,21,23,24,32
1461. 08.04.1979 2,16,18,26,45,47
1462. 15.04.1979 4,6,9,18,33,35
1463. 15.04.1979 5,18,36,41,45,49
1464. 22.04.1979 6,7,25,34,44,46
1465. 22.04.1979 3,11,24,30,36,48
1466. 29.04.1979 7,17,31,36,43,49
1467. 29.04.1979 1,10,13,27,29,38
1468. 06.05.1979 8,12,17,18,32,42
1469. 06.05.1979 1,19,29,35,45,46
1470. 13.05.1979 22,23,26,28,43,46
1471. 13.05.1979 1,4,8,14,24,36
1472. 20.05.1979 4,20,42,43,44,47
1473. 20.05.1979 3,7,11,13,16,28
1474. 27.05.1979 1,10,20,37,46,49
1475. 27.05.1979 1,7,16,29,32,39
1476. 03.06.1979 1,9,12,16,27,43
1477. 03.06.1979 2,14,24,26,36,40
1478. 10.06.1979 1,5,22,31,34,39
1479. 10.06.1979 9,18,24,42,45,48
1480. 17.06.1979 3,11,14,28,31,47
1481. 17.06.1979 13,15,16,25,29,37
1482. 24.06.1979 1,8,17,39,42,43
1483. 24.06.1979 4,15,23,37,40,48
1484. 01.07.1979 14,18,19,20,29,49
1485. 01.07.1979 7,13,17,26,30,42
1486. 08.07.1979 5,12,27,29,30,49
1487. 08.07.1979 3,15,21,25,31,42
1488. 15.07.1979 9,26,28,41,43,44
1489. 15.07.1979 3,12,29,31,37,39
1490. 22.07.1979 9,10,12,23,29,38
1491. 22.07.1979 3,5,13,15,25,37
1492. 29.07.1979 4,7,24,25,28,30
1493. 29.07.1979 4,12,16,21,39,46
1494. 05.08.1979 12,21,30,33,35,44
1495. 05.08.1979 11,25,27,30,41,43
1496. 12.08.1979 5,9,14,18,43,47
1497. 12.08.1979 15,16,22,25,26,49
1498. 19.08.1979 3,7,11,15,20,29
1499. 19.08.1979 2,7,28,29,31,34
1500. 26.08.1979 10,11,30,44,45,46
1501. 26.08.1979 11,19,27,31,43,45
1502. 02.09.1979 4,6,9,10,22,36
1503. 02.09.1979 10,12,39,45,46,48
1504. 09.09.1979 2,17,25,29,30,47
1505. 09.09.1979 9,17,25,30,39,49
1506. 16.09.1979 3,6,8,18,19,26
1507. 16.09.1979 6,9,16,19,23,47
1508. 23.09.1979 2,13,29,33,36,40
1509. 23.09.1979 10,20,31,33,39,43
1510. 30.09.1979 2,6,10,12,27,30
1511. 30.09.1979 5,17,31,33,34,41
1512. 07.10.1979 3,23,25,28,30,43
1513. 07.10.1979 4,19,24,36,38,43
1514. 14.10.1979 3,11,24,27,37,45
1515. 14.10.1979 6,8,11,27,29,45
1516. 21.10.1979 6,10,14,25,37,43
1517. 21.10.1979 2,5,12,36,38,40
1518. 28.10.1979 2,5,21,31,40,43
1519. 28.10.1979 7,8,9,34,35,40
1520. 04.11.1979 21,28,35,40,43,47
1521. 04.11.1979 3,9,10,27,29,38
1522. 11.11.1979 2,3,5,10,21,45
1523. 11.11.1979 2,3,9,22,34,49
1524. 18.11.1979 8,20,30,36,40,47
1525. 18.11.1979 11,14,15,24,29,35
1526. 25.11.1979 1,7,10,18,30,41
1527. 25.11.1979 11,12,17,34,43,47
1528. 02.12.1979 6,15,16,21,32,41
1529. 02.12.1979 7,23,29,38,44,47
1530. 09.12.1979 2,3,5,28,31,32
1531. 09.12.1979 1,9,16,20,33,47
1532. 16.12.1979 13,19,30,31,40,42
1533. 16.12.1979 11,13,31,40,44,49
1534. 23.12.1979 3,7,24,27,35,49
1535. 23.12.1979 13,23,27,28,40,41
1536. 30.12.1979 8,12,14,21,25,35
1537. 30.12.1979 17,23,28,38,41,45
1538. 06.01.1980 5,19,20,22,23,28
1539. 06.01.1980 3,16,27,32,35,49
1540. 13.01.1980 1,29,32,33,35,44
1541. 13.01.1980 12,25,27,31,41,42
1542. 20.01.1980 2,11,25,33,41,45
1543. 20.01.1980 1,7,23,24,30,46
1544. 27.01.1980 32,39,40,41,43,46
1545. 27.01.1980 3,7,12,15,22,42
1546. 03.02.1980 14,15,24,26,42,49
1547. 03.02.1980 3,5,8,24,28,37
1548. 10.02.1980 8,11,21,22,24,38
1549. 10.02.1980 1,3,10,28,29,48
1550. 17.02.1980 2,10,13,18,20,39
1551. 17.02.1980 17,22,31,34,39,46
1552. 24.02.1980 19,26,31,40,43,44
1553. 24.02.1980 8,10,18,24,38,41
1554. 02.03.1980 2,6,11,21,29,47
1555. 02.03.1980 4,10,17,39,42,48
1556. 09.03.1980 2,12,20,22,25,40
1557. 09.03.1980 8,15,18,23,29,45
1558. 16.03.1980 15,25,30,31,33,45
1559. 16.03.1980 8,9,12,37,40,41
1560. 23.03.1980 1,4,17,22,37,49
1561. 23.03.1980 6,7,27,32,38,45
1562. 30.03.1980 3,19,26,31,34,37
1563. 30.03.1980 3,6,31,35,45,46
1564. 06.04.1980 30,31,41,42,43,47
1565. 06.04.1980 5,22,24,27,28,47
1566. 13.04.1980 2,27,37,43,44,49
1567. 13.04.1980 10,12,15,17,21,40
1568. 20.04.1980 21,22,25,28,30,33
1569. 20.04.1980 3,11,37,38,40,41
1570. 27.04.1980 3,9,15,34,36,47
1571. 27.04.1980 18,29,31,39,45,49
1572. 04.05.1980 3,4,18,19,39,43
1573. 04.05.1980 1,6,17,25,26,38
1574. 11.05.1980 5,6,13,17,31,35
1575. 11.05.1980 12,25,27,28,36,37
1576. 18.05.1980 16,18,37,39,40,46
1577. 18.05.1980 6,10,31,32,34,38
1578. 25.05.1980 14,20,24,27,28,48
1579. 25.05.1980 2,16,37,38,45,48
1580. 01.06.1980 4,17,19,24,29,32
1581. 01.06.1980 6,35,41,43,46,48
1582. 08.06.1980 10,13,19,20,23,28
1583. 08.06.1980 4,5,7,18,21,37
1584. 15.06.1980 4,12,24,25,27,33
1585. 15.06.1980 15,28,33,35,44,45
1586. 22.06.1980 6,17,18,19,36,49
1587. 22.06.1980 9,22,31,32,41,42
1588. 29.06.1980 2,3,26,30,42,45
1589. 29.06.1980 5,15,18,24,28,44
1590. 06.07.1980 2,3,22,31,36,44
1591. 06.07.1980 5,18,25,27,28,45
1592. 13.07.1980 11,18,30,39,48,49
1593. 13.07.1980 3,9,10,21,32,39
1594. 20.07.1980 4,6,31,39,40,47
1595. 20.07.1980 7,29,40,43,48,49
1596. 27.07.1980 6,15,24,26,34,36
1597. 27.07.1980 15,19,36,38,40,44
1598. 03.08.1980 10,14,17,28,34,40
1599. 03.08.1980 10,11,23,28,34,41
1600. 10.08.1980 7,13,19,26,34,48
1601. 10.08.1980 4,7,22,23,31,45
1602. 17.08.1980 2,4,16,18,22,28
1603. 17.08.1980 3,14,25,40,42,49
1604. 24.08.1980 2,15,17,24,25,43
1605. 24.08.1980 14,21,38,40,42,44
1606. 31.08.1980 1,6,7,19,22,45
1607. 31.08.1980 14,20,23,26,37,48
1608. 07.09.1980 1,9,13,21,24,28
1609. 07.09.1980 2,16,22,26,37,46
1610. 14.09.1980 6,9,24,37,38,42
1611. 14.09.1980 10,22,27,40,42,48
1612. 21.09.1980 2,3,20,23,31,47
1613. 21.09.1980 7,10,19,35,39,44
1614. 28.09.1980 21,22,25,26,42,44
1615. 28.09.1980 3,15,17,31,32,34
1616. 05.10.1980 7,14,26,31,32,48
1617. 05.10.1980 4,24,32,36,38,43
1618. 12.10.1980 18,25,27,30,43,44
1619. 12.10.1980 1,15,26,37,39,46
1620. 19.10.1980 9,16,27,30,47,49
1621. 19.10.1980 9,18,27,34,37,49
1622. 26.10.1980 12,19,25,32,33,35
1623. 26.10.1980 5,15,33,38,43,45
1624. 02.11.1980 19,24,26,35,39,44
1625. 02.11.1980 1,8,18,26,37,43
1626. 09.11.1980 21,27,34,40,42,47
1627. 09.11.1980 6,10,12,22,30,46
1628. 16.11.1980 18,20,24,31,40,45
1629. 16.11.1980 1,14,23,27,28,47
1630. 23.11.1980 3,21,41,45,47,49
1631. 23.11.1980 13,17,20,28,42,49
1632. 30.11.1980 3,5,13,21,33,37
1633. 30.11.1980 3,12,15,17,18,20
1634. 07.12.1980 22,23,25,37,38,40
1635. 07.12.1980 4,27,28,33,35,41
1636. 14.12.1980 8,12,20,33,39,41
1637. 14.12.1980 13,15,20,29,30,49
1638. 21.12.1980 4,11,14,20,39,44
1639. 21.12.1980 9,16,30,34,47,49
1640. 28.12.1980 2,5,19,37,44,49
1641. 28.12.1980 21,24,26,27,40,41
1642. 04.01.1981 7,25,32,34,36,40
1643. 04.01.1981 1,8,14,42,43,49
1644. 11.01.1981 21,22,26,40,45,47
1645. 11.01.1981 4,23,25,30,35,46
1646. 18.01.1981 3,5,6,36,44,49
1647. 18.01.1981 5,6,14,28,32,42
1648. 25.01.1981 8,18,19,20,25,34
1649. 25.01.1981 3,16,20,36,44,49
1650. 01.02.1981 10,17,28,32,35,42
1651. 01.02.1981 2,7,20,31,35,43
1652. 08.02.1981 13,15,17,21,35,48
1653. 08.02.1981 2,10,24,40,43,47
1654. 15.02.1981 5,6,18,25,45,49
1655. 15.02.1981 8,23,29,32,42,49
1656. 22.02.1981 22,35,36,38,46,48
1657. 22.02.1981 5,16,22,38,43,49
1658. 01.03.1981 2,14,19,23,32,43
1659. 01.03.1981 12,13,17,29,40,42
1660. 08.03.1981 11,15,30,31,39,43
1661. 08.03.1981 7,11,13,19,20,27
1662. 15.03.1981 2,5,14,34,37,39
1663. 15.03.1981 1,18,21,24,35,39
1664. 22.03.1981 6,20,21,22,32,40
1665. 22.03.1981 13,20,32,39,40,46
1666. 29.03.1981 6,16,25,27,32,35
1667. 29.03.1981 25,28,29,37,38,41
1668. 05.04.1981 17,21,31,35,39,41
1669. 05.04.1981 9,19,28,33,43,47
1670. 12.04.1981 1,8,18,30,36,42
1671. 12.04.1981 13,18,19,20,22,29
1672. 19.04.1981 5,16,25,38,39,41
1673. 19.04.1981 6,8,10,14,26,32
1674. 26.04.1981 1,21,27,31,33,41
1675. 26.04.1981 11,13,29,30,44,46
1676. 03.05.1981 14,28,31,35,45,48
1677. 03.05.1981 9,15,17,19,29,38
1678. 10.05.1981 7,9,14,27,42,45
1679. 10.05.1981 15,16,18,24,31,49
1680. 17.05.1981 7,24,33,44,45,47
1681. 17.05.1981 8,11,19,22,25,34
1682. 24.05.1981 22,25,29,43,45,46
1683. 24.05.1981 3,33,36,43,44,48
1684. 31.05.1981 12,14,21,31,39,41
1685. 31.05.1981 6,8,12,13,23,30
1686. 07.06.1981 7,16,17,30,31,41
1687. 07.06.1981 6,14,15,17,24,46
1688. 14.06.1981 9,13,30,39,43,47
1689. 14.06.1981 1,2,5,6,11,16
1690. 21.06.1981 6,19,24,28,31,35
1691. 21.06.1981 4,5,14,22,26,48
1692. 28.06.1981 12,15,17,30,46,49
1693. 28.06.1981 17,30,31,34,45,46
1694. 05.07.1981 2,24,27,28,32,39
1695. 05.07.1981 15,27,33,35,38,40
1696. 12.07.1981 1,11,20,36,37,43
1697. 12.07.1981 4,10,11,16,31,34
1698. 19.07.1981 2,8,17,29,30,35
1699. 19.07.1981 4,6,7,18,37,40
1700. 26.07.1981 2,4,13,18,44,45
1701. 26.07.1981 4,12,26,33,38,40
1702. 02.08.1981 3,5,15,26,27,40
1703. 02.08.1981 2,8,12,19,37,45
1704. 09.08.1981 3,11,25,29,36,45
1705. 09.08.1981 13,18,29,41,44,47
1706. 16.08.1981 1,2,4,5,10,29
1707. 16.08.1981 11,15,26,33,34,36
1708. 23.08.1981 10,27,40,44,48,49
1709. 23.08.1981 3,6,16,24,33,35
1710. 30.08.1981 3,8,18,19,27,36
1711. 30.08.1981 2,17,37,38,44,47
1712. 06.09.1981 1,20,25,34,39,42
1713. 06.09.1981 10,19,23,25,42,44
1714. 13.09.1981 4,17,21,26,28,41
1715. 13.09.1981 15,17,23,27,45,49
1716. 20.09.1981 4,9,18,23,25,29
1717. 20.09.1981 3,23,25,31,32,45
1718. 27.09.1981 9,10,30,38,40,41
1719. 27.09.1981 4,22,28,33,38,41
1720. 04.10.1981 5,13,15,20,35,46
1721. 04.10.1981 17,18,24,26,27,37
1722. 11.10.1981 3,7,22,32,41,46
1723. 11.10.1981 8,22,26,43,46,47
1724. 18.10.1981 1,25,27,28,43,44
1725. 18.10.1981 5,9,20,24,34,36
1726. 25.10.1981 8,14,16,20,42,46
1727. 25.10.1981 17,21,28,29,30,44
1728. 01.11.1981 1,5,22,23,34,36
1729. 01.11.1981 6,10,22,42,43,49
1730. 08.11.1981 2,18,33,43,45,49
1731. 08.11.1981 8,10,16,24,29,44
1732. 15.11.1981 4,26,27,29,34,46
1733. 15.11.1981 8,9,20,27,38,46
1734. 22.11.1981 4,10,17,35,36,39
1735. 22.11.1981 6,13,16,18,24,49
1736. 29.11.1981 12,18,21,24,28,46
1737. 29.11.1981 6,12,31,38,43,45
1738. 06.12.1981 1,17,26,28,34,38
1739. 06.12.1981 20,23,31,38,42,48
1740. 13.12.1981 2,15,18,33,37,39
1741. 13.12.1981 6,7,9,18,31,41
1742. 20.12.1981 2,4,6,21,24,39
1743. 20.12.1981 4,8,12,22,39,44
1744. 27.12.1981 4,10,26,31,38,43
1745. 27.12.1981 4,5,6,19,38,39
1746. 03.01.1982 5,7,16,24,38,48
1747. 03.01.1982 5,7,17,18,19,36
1748. 10.01.1982 7,18,30,33,44,46
1749. 10.01.1982 11,16,23,31,44,49
1750. 17.01.1982 21,30,35,36,38,49
1751. 17.01.1982 6,9,14,19,25,36
1752. 24.01.1982 3,10,13,15,27,48
1753. 24.01.1982 6,9,25,33,35,41
1754. 31.01.1982 8,11,17,22,24,44
1755. 31.01.1982 11,17,19,23,38,42
1756. 07.02.1982 5,14,19,20,23,32
1757. 07.02.1982 1,3,4,7,20,23
1758. 14.02.1982 2,4,7,13,15,44
1759. 14.02.1982 22,30,31,32,34,46
1760. 21.02.1982 4,9,14,29,42,43
1761. 21.02.1982 14,30,31,36,38,43
1762. 28.02.1982 7,19,21,26,40,49
1763. 28.02.1982 6,8,15,18,21,28
1764. 07.03.1982 1,3,7,8,23,46
1765. 07.03.1982 10,15,24,27,31,47
1766. 14.03.1982 5,11,12,15,33,40
1767. 14.03.1982 11,25,32,33,40,41
1768. 21.03.1982 5,18,19,23,26,39
1769. 21.03.1982 24,28,31,44,46,48
1770. 28.03.1982 5,16,26,43,44,48
1771. 28.03.1982 22,28,30,31,35,36
1772. 04.04.1982 5,22,24,25,31,38
1773. 04.04.1982 1,14,16,29,30,31
1774. 11.04.1982 4,5,30,33,42,46
1775. 11.04.1982 21,28,30,32,42,46
1776. 18.04.1982 3,14,20,21,40,43
1777. 18.04.1982 4,9,11,22,31,48
1778. 25.04.1982 13,27,35,39,45,49
1779. 25.04.1982 13,19,33,36,43,49
1780. 02.05.1982 4,9,28,35,36,45
1781. 02.05.1982 1,11,17,25,34,40
1782. 09.05.1982 7,25,36,39,44,48
1783. 09.05.1982 1,26,27,30,38,44
1784. 16.05.1982 2,5,31,40,42,44
1785. 16.05.1982 6,16,29,35,38,39
1786. 23.05.1982 1,2,9,14,46,49
1787. 23.05.1982 6,9,19,33,35,48
1788. 30.05.1982 1,3,15,22,30,44
1789. 30.05.1982 9,11,18,30,33,35
1790. 06.06.1982 5,16,22,24,28,36
1791. 06.06.1982 1,4,12,29,34,43
1792. 13.06.1982 4,9,28,37,45,46
1793. 13.06.1982 1,2,26,37,43,44
1794. 20.06.1982 15,17,31,35,41,48
1795. 20.06.1982 28,30,36,37,43,47
1796. 27.06.1982 10,15,35,39,42,44
1797. 27.06.1982 6,17,24,28,33,48
1798. 04.07.1982 7,9,19,27,36,45
1799. 04.07.1982 2,18,28,29,31,36
1800. 11.07.1982 12,15,16,35,38,47
1801. 11.07.1982 13,19,33,39,40,46
1802. 18.07.1982 7,14,19,27,33,42
1803. 18.07.1982 8,16,30,36,39,42
1804. 25.07.1982 17,18,28,29,37,42
1805. 25.07.1982 1,23,28,39,40,46
1806. 01.08.1982 3,15,25,37,43,47
1807. 01.08.1982 9,19,29,42,44,49
1808. 08.08.1982 6,11,23,33,34,38
1809. 08.08.1982 12,23,27,38,44,47
1810. 15.08.1982 19,21,33,34,35,37
1811. 15.08.1982 4,12,25,28,38,40
1812. 22.08.1982 10,14,23,26,30,45
1813. 22.08.1982 5,9,12,17,19,35
1814. 29.08.1982 8,10,21,29,32,41
1815. 29.08.1982 1,4,7,17,23,39
1816. 05.09.1982 1,5,8,23,33,39
1817. 05.09.1982 5,20,27,32,45,48
1818. 12.09.1982 15,25,29,37,45,48
1819. 12.09.1982 1,13,31,41,45,49
1820. 19.09.1982 5,26,29,38,43,46
1821. 19.09.1982 8,12,32,37,44,45
1822. 26.09.1982 14,17,18,22,33,46
1823. 26.09.1982 11,16,21,25,31,41
1824. 03.10.1982 2,15,21,28,42,43
1825. 03.10.1982 9,28,30,32,37,47
1826. 10.10.1982 2,9,17,20,36,45
1827. 10.10.1982 3,6,7,25,33,45
1828. 17.10.1982 11,14,30,36,40,49
1829. 17.10.1982 2,15,22,33,34,35
1830. 24.10.1982 11,26,32,34,37,46
1831. 24.10.1982 3,9,18,27,31,42
1832. 31.10.1982 17,24,36,37,40,41
1833. 31.10.1982 3,4,7,23,31,45
1834. 07.11.1982 12,17,22,25,30,31
1835. 07.11.1982 2,10,21,33,36,44
1836. 14.11.1982 9,19,32,33,43,44
1837. 14.11.1982 9,12,30,33,35,42
1838. 21.11.1982 4,8,16,26,31,39
1839. 21.11.1982 15,18,23,25,26,42
1840. 28.11.1982 14,28,29,37,43,48
1841. 28.11.1982 7,9,20,33,36,43
1842. 05.12.1982 3,14,31,34,39,49
1843. 05.12.1982 24,33,41,42,45,46
1844. 12.12.1982 8,14,26,33,46,49
1845. 12.12.1982 4,22,26,36,43,44
1846. 19.12.1982 5,10,11,16,18,28
1847. 19.12.1982 2,13,21,24,27,36
1848. 26.12.1982 11,13,25,30,36,46
1849. 26.12.1982 9,20,30,35,36,43
1850. 02.01.1983 5,13,18,20,26,42
1851. 02.01.1983 14,25,30,33,35,45
1852. 09.01.1983 9,14,25,27,28,43
1853. 09.01.1983 16,21,24,27,31,34
1854. 16.01.1983 9,18,19,30,38,39
1855. 16.01.1983 2,6,11,43,46,49
1856. 23.01.1983 5,26,29,36,38,43
1857. 23.01.1983 4,12,14,15,31,46
1858. 30.01.1983 19,28,32,35,43,49
1859. 30.01.1983 3,7,22,29,30,31
1860. 06.02.1983 2,3,9,26,38,40
1861. 06.02.1983 4,15,24,26,30,45
1862. 13.02.1983 8,13,22,23,39,44
1863. 13.02.1983 6,13,16,39,42,48
1864. 20.02.1983 1,3,6,8,9,24
1865. 20.02.1983 1,11,26,27,28,38
1866. 27.02.1983 8,10,13,25,36,37
1867. 27.02.1983 16,22,27,33,38,43
1868. 06.03.1983 15,22,30,34,42,49
1869. 06.03.1983 5,25,33,39,42,44
1870. 13.03.1983 12,15,21,23,30,36
1871. 13.03.1983 3,6,15,21,27,37
1872. 20.03.1983 12,40,42,43,44,48
1873. 20.03.1983 4,6,12,36,39,45
1874. 27.03.1983 1,25,33,37,40,47
1875. 27.03.1983 1,26,35,40,44,49
1876. 03.04.1983 8,25,31,33,40,46
1877. 03.04.1983 32,35,38,39,41,46
1878. 10.04.1983 10,15,21,29,44,46
1879. 10.04.1983 5,10,16,34,35,42
1880. 17.04.1983 14,20,25,26,33,48
1881. 17.04.1983 6,32,37,40,46,49
1882. 24.04.1983 10,25,28,38,41,49
1883. 24.04.1983 9,18,25,35,36,45
1884. 01.05.1983 6,31,34,41,42,47
1885. 01.05.1983 4,33,36,40,45,47
1886. 08.05.1983 5,35,36,43,46,48
1887. 08.05.1983 6,11,25,34,37,45
1888. 15.05.1983 7,16,29,40,41,47
1889. 15.05.1983 2,3,6,16,18,42
1890. 22.05.1983 4,12,23,28,37,42
1891. 22.05.1983 5,7,9,11,20,24
1892. 29.05.1983 3,16,17,36,38,45
1893. 29.05.1983 4,7,11,19,24,31
1894. 05.06.1983 1,2,3,9,24,40
1895. 05.06.1983 17,28,30,31,34,46
1896. 12.06.1983 1,27,28,32,45,49
1897. 12.06.1983 18,22,28,34,40,46
1898. 19.06.1983 4,14,21,38,45,47
1899. 19.06.1983 2,10,21,26,35,41
1900. 26.06.1983 13,17,22,28,32,35
1901. 26.06.1983 1,10,11,35,38,41
1902. 03.07.1983 6,12,17,31,35,42
1903. 03.07.1983 1,2,16,17,38,42
1904. 10.07.1983 6,9,27,34,36,38
1905. 10.07.1983 1,3,17,18,25,34
1906. 17.07.1983 3,13,35,38,48,49
1907. 17.07.1983 2,3,8,21,41,47
1908. 24.07.1983 7,35,38,42,45,49
1909. 24.07.1983 7,33,37,38,39,44
1910. 31.07.1983 17,19,26,33,42,44
1911. 31.07.1983 10,11,19,34,40,45
1912. 07.08.1983 3,15,16,25,40,44
1913. 07.08.1983 4,5,32,33,34,49
1914. 14.08.1983 17,18,22,23,25,31
1915. 14.08.1983 2,7,20,42,44,45
1916. 21.08.1983 6,7,10,43,44,47
1917. 21.08.1983 3,6,15,27,28,38
1918. 28.08.1983 7,14,27,36,40,48
1919. 28.08.1983 8,19,27,30,33,38
1920. 04.09.1983 4,12,18,20,31,38
1921. 04.09.1983 11,14,27,36,40,45
1922. 11.09.1983 11,12,14,23,32,34
1923. 11.09.1983 1,3,5,21,33,34
1924. 18.09.1983 15,18,23,30,36,41
1925. 18.09.1983 6,13,19,31,40,48
1926. 25.09.1983 6,11,13,14,20,21
1927. 25.09.1983 2,12,15,42,43,45
1928. 02.10.1983 29,30,31,34,38,49
1929. 02.10.1983 26,28,32,39,43,46
1930. 09.10.1983 6,25,26,36,37,42
1931. 09.10.1983 7,11,12,25,39,49
1932. 16.10.1983 3,16,20,28,41,43
1933. 16.10.1983 2,5,30,31,45,46
1934. 23.10.1983 10,13,17,26,30,38
1935. 23.10.1983 3,27,31,32,37,42
1936. 30.10.1983 2,14,26,40,47,49
1937. 30.10.1983 13,15,25,41,48,49
1938. 06.11.1983 11,18,28,35,44,47
1939. 06.11.1983 16,22,39,40,41,44
1940. 13.11.1983 18,27,33,37,40,49
1941. 13.11.1983 9,10,11,28,29,36
1942. 20.11.1983 1,18,19,21,35,38
1943. 20.11.1983 2,14,18,31,35,47
1944. 27.11.1983 3,23,26,28,33,49
1945. 27.11.1983 11,18,34,35,36,47
1946. 04.12.1983 6,8,13,15,16,24
1947. 04.12.1983 2,13,14,20,37,42
1948. 11.12.1983 19,20,31,35,37,45
1949. 11.12.1983 4,8,12,17,27,28
1950. 18.12.1983 3,8,10,12,32,35
1951. 18.12.1983 1,10,20,25,38,46
1952. 25.12.1983 5,13,24,40,41,45
1953. 25.12.1983 3,11,16,24,33,37
1954. 01.01.1984 10,20,21,25,29,31
1955. 01.01.1984 9,10,13,14,16,32
1956. 08.01.1984 7,18,23,26,29,39
1957. 08.01.1984 2,6,7,9,18,38
1958. 15.01.1984 17,24,26,30,32,43
1959. 15.01.1984 18,29,32,36,41,42
1960. 22.01.1984 9,20,28,29,30,32
1961. 22.01.1984 8,16,22,37,45,47
1962. 29.01.1984 6,8,21,23,25,41
1963. 29.01.1984 16,18,19,32,34,39
1964. 05.02.1984 5,23,31,36,38,47
1965. 05.02.1984 3,9,22,31,37,43
1966. 12.02.1984 11,17,20,32,33,34
1967. 12.02.1984 2,5,10,15,28,39
1968. 19.02.1984 4,13,15,21,30,37
1969. 19.02.1984 4,15,17,18,41,42
1970. 26.02.1984 12,19,21,34,39,42
1971. 26.02.1984 5,17,22,31,44,49
1972. 04.03.1984 2,15,19,34,35,42
1973. 04.03.1984 1,18,29,34,44,45
1974. 11.03.1984 9,10,13,30,37,43
1975. 11.03.1984 1,14,26,30,44,45
1976. 18.03.1984 12,18,20,40,42,46
1977. 18.03.1984 3,13,23,33,35,38
1978. 25.03.1984 17,28,29,36,40,43
1979. 25.03.1984 2,11,28,36,41,43
1980. 01.04.1984 14,27,28,33,35,48
1981. 01.04.1984 10,18,20,27,29,32
1982. 08.04.1984 9,14,17,26,32,42
1983. 08.04.1984 1,18,22,35,39,47
1984. 15.04.1984 2,10,29,33,37,38
1985. 15.04.1984 2,12,16,17,20,29
1986. 22.04.1984 11,28,31,37,40,44
1987. 22.04.1984 8,14,21,29,35,36
1988. 29.04.1984 9,18,30,33,45,46
1989. 29.04.1984 11,20,25,40,46,48
1990. 06.05.1984 15,27,30,32,35,37
1991. 06.05.1984 2,5,10,16,30,34
1992. 13.05.1984 4,9,11,17,18,37
1993. 13.05.1984 1,5,10,17,45,46
1994. 20.05.1984 3,26,27,35,39,49
1995. 20.05.1984 5,18,27,32,35,38
1996. 27.05.1984 2,5,15,25,43,45
1997. 27.05.1984 6,16,33,37,47,48
1998. 02.06.1984 9,13,18,35,39,48
1999. 02.06.1984 3,6,30,37,42,49
2000. 09.06.1984 10,22,27,28,40,45
2001. 09.06.1984 17,26,27,34,40,49
2002. 16.06.1984 4,9,23,33,35,47
2003. 16.06.1984 2,17,32,33,41,45
2004. 23.06.1984 2,9,10,13,22,24
2005. 23.06.1984 8,16,29,35,36,47
2006. 30.06.1984 4,20,29,34,35,49
2007. 30.06.1984 6,19,20,26,27,49
2008. 07.07.1984 6,12,16,21,34,48
2009. 07.07.1984 4,5,16,22,29,31
2010. 14.07.1984 5,13,15,16,26,48
2011. 14.07.1984 3,13,15,17,40,44
2012. 21.07.1984 5,22,29,31,38,49
2013. 21.07.1984 9,13,21,37,39,43
2014. 28.07.1984 16,18,20,21,27,30
2015. 28.07.1984 9,17,18,22,37,41
2016. 04.08.1984 14,15,32,38,45,46
2017. 04.08.1984 4,12,25,33,35,39
2018. 11.08.1984 12,15,16,23,25,29
2019. 11.08.1984 2,7,15,32,34,35
2020. 18.08.1984 7,12,14,37,40,45
2021. 18.08.1984 3,14,22,23,24,33
2022. 25.08.1984 12,14,19,25,28,47
2023. 25.08.1984 2,18,33,36,39,46
2024. 01.09.1984 5,14,15,20,37,38
2025. 01.09.1984 9,17,31,34,42,45
2026. 08.09.1984 5,7,8,23,44,45
2027. 08.09.1984 4,7,16,29,31,43
2028. 15.09.1984 7,12,13,36,40,41
2029. 15.09.1984 2,4,16,27,28,29
2030. 22.09.1984 1,15,17,23,29,30
2031. 22.09.1984 1,24,31,39,45,48
2032. 29.09.1984 8,9,12,24,27,31
2033. 29.09.1984 1,8,13,17,23,40
2034. 06.10.1984 2,6,10,32,45,47
2035. 06.10.1984 5,21,28,30,31,34
2036. 13.10.1984 1,10,13,33,35,37
2037. 13.10.1984 4,15,21,26,41,43
2038. 20.10.1984 4,5,9,24,38,40
2039. 20.10.1984 10,13,23,36,40,46
2040. 27.10.1984 2,9,11,24,30,49
2041. 27.10.1984 9,15,18,21,31,48
2042. 03.11.1984 2,4,19,37,39,49
2043. 03.11.1984 1,2,5,11,16,29
2044. 10.11.1984 2,13,30,31,34,39
2045. 10.11.1984 3,8,10,23,27,39
2046. 17.11.1984 13,14,25,31,36,41
2047. 17.11.1984 1,2,10,17,32,49
2048. 24.11.1984 13,18,24,28,34,35
2049. 24.11.1984 4,14,18,23,42,45
2050. 01.12.1984 24,26,27,28,31,38
2051. 01.12.1984 1,8,9,13,14,24
2052. 08.12.1984 8,17,25,35,44,47
2053. 08.12.1984 9,15,16,31,39,48
2054. 15.12.1984 1,3,24,28,40,46
2055. 15.12.1984 14,18,26,27,48,49
2056. 22.12.1984 7,8,31,38,42,49
2057. 22.12.1984 11,17,19,24,29,44
2058. 29.12.1984 8,10,12,18,43,48
2059. 29.12.1984 4,11,25,40,44,46
2060. 05.01.1985 16,19,22,23,32,45
2061. 05.01.1985 10,11,22,23,33,40
2062. 12.01.1985 5,11,13,25,27,37
2063. 12.01.1985 21,26,32,35,37,47
2064. 19.01.1985 5,6,12,18,36,42
2065. 19.01.1985 10,16,24,25,32,36
2066. 26.01.1985 3,9,29,34,36,41
2067. 26.01.1985 5,6,19,23,29,38
2068. 02.02.1985 2,13,24,31,36,41
2069. 02.02.1985 24,25,34,42,44,45
2070. 09.02.1985 19,21,24,26,46,49
2071. 09.02.1985 5,10,17,33,39,46
2072. 16.02.1985 7,15,17,39,42,46
2073. 16.02.1985 1,11,18,27,28,42
2074. 23.02.1985 4,5,22,32,37,49
2075. 23.02.1985 11,14,15,19,23,41
2076. 02.03.1985 4,21,25,27,43,45
2077. 02.03.1985 2,6,11,17,18,40
2078. 09.03.1985 7,15,20,25,34,44
2079. 09.03.1985 4,13,18,24,44,48
2080. 16.03.1985 1,20,22,27,29,46
2081. 16.03.1985 5,14,34,35,37,49
2082. 23.03.1985 2,3,17,20,26,29
2083. 23.03.1985 7,12,15,29,33,37
2084. 30.03.1985 6,7,19,27,32,43
2085. 30.03.1985 9,20,34,39,43,45
2086. 06.04.1985 3,11,16,28,30,43
2087. 06.04.1985 1,9,16,22,48,49
2088. 13.04.1985 12,16,21,23,26,28
2089. 13.04.1985 9,14,16,29,40,42
2090. 20.04.1985 1,5,20,36,37,41
2091. 20.04.1985 13,18,20,32,41,45
2092. 27.04.1985 9,10,22,27,39,46
2093. 27.04.1985 14,24,30,35,45,49
2094. 04.05.1985 2,10,25,28,34,42
2095. 04.05.1985 1,26,32,35,45,47
2096. 11.05.1985 3,8,10,25,27,33
2097. 11.05.1985 23,34,39,41,44,46
2098. 18.05.1985 4,5,6,27,34,43
2099. 18.05.1985 4,7,21,34,37,39
2100. 25.05.1985 1,2,3,34,46,48
2101. 25.05.1985 18,20,21,22,28,41
2102. 01.06.1985 9,19,27,28,43,45
2103. 01.06.1985 1,19,21,28,36,38
2104. 08.06.1985 1,4,12,29,32,42
2105. 08.06.1985 16,22,23,26,37,49
2106. 15.06.1985 6,18,23,36,37,38
2107. 15.06.1985 17,25,33,41,46,49
2108. 22.06.1985 18,22,24,27,35,47
2109. 22.06.1985 5,11,14,17,19,48
2110. 29.06.1985 11,15,29,30,35,36
2111. 29.06.1985 4,20,22,26,39,42
2112. 06.07.1985 2,9,18,28,37,42
2113. 06.07.1985 6,11,13,38,39,43
2114. 13.07.1985 4,18,21,25,26,49
2115. 13.07.1985 2,10,15,40,43,48
2116. 20.07.1985 4,5,14,32,43,44
2117. 20.07.1985 5,14,18,21,22,49
2118. 27.07.1985 3,12,25,31,33,42
2119. 27.07.1985 6,17,19,21,29,38
2120. 03.08.1985 3,34,37,44,47,49
2121. 03.08.1985 1,11,17,19,25,39
2122. 10.08.1985 2,17,23,34,36,39
2123. 10.08.1985 7,17,21,24,34,45
2124. 17.08.1985 3,10,15,36,38,41
2125. 17.08.1985 3,8,24,29,31,35
2126. 24.08.1985 16,18,27,41,43,44
2127. 24.08.1985 3,21,24,34,36,37
2128. 31.08.1985 12,14,19,23,27,46
2129. 31.08.1985 1,21,23,32,38,49
2130. 07.09.1985 3,11,15,21,42,43
2131. 07.09.1985 3,13,24,42,43,44
2132. 14.09.1985 6,9,10,16,28,37
2133. 14.09.1985 4,9,13,18,47,49
2134. 21.09.1985 23,31,34,35,43,46
2135. 21.09.1985 1,3,10,27,37,40
2136. 28.09.1985 11,15,24,25,34,47
2137. 28.09.1985 8,20,24,34,35,41
2138. 05.10.1985 7,9,10,14,42,45
2139. 05.10.1985 1,5,12,21,22,46
2140. 12.10.1985 1,3,8,28,36,39
2141. 12.10.1985 9,11,21,29,32,45
2142. 19.10.1985 6,7,31,32,33,43
2143. 19.10.1985 11,17,20,28,30,41
2144. 26.10.1985 7,14,15,19,21,37
2145. 26.10.1985 1,3,8,16,35,49
2146. 02.11.1985 6,7,16,24,25,38
2147. 02.11.1985 10,11,15,28,37,39
2148. 09.11.1985 1,2,6,25,37,42
2149. 09.11.1985 3,6,8,10,24,26
2150. 16.11.1985 6,18,21,31,42,47
2151. 16.11.1985 4,7,26,31,34,44
2152. 23.11.1985 8,19,32,44,45,49
2153. 23.11.1985 7,8,28,29,37,40
2154. 30.11.1985 7,18,20,26,27,29
2155. 30.11.1985 3,4,11,16,37,46
2156. 07.12.1985 6,14,19,21,36,47
2157. 07.12.1985 6,20,33,35,36,42
2158. 14.12.1985 1,2,4,5,10,31
2159. 14.12.1985 5,8,9,12,29,41
2160. 21.12.1985 3,5,8,11,37,48
2161. 21.12.1985 7,15,22,32,47,49
2162. 28.12.1985 1,4,10,16,43,49
2163. 28.12.1985 29,30,32,33,37,47
2164. 04.01.1986 2,3,6,13,36,48
2165. 04.01.1986 17,21,32,33,34,44
2166. 11.01.1986 6,16,25,30,33,35
2167. 11.01.1986 4,18,19,34,36,37
2168. 18.01.1986 5,32,33,34,39,41
2169. 18.01.1986 17,20,21,29,32,39
2170. 25.01.1986 11,14,27,29,39,49
2171. 25.01.1986 4,15,21,25,37,47
2172. 01.02.1986 1,11,15,32,46,47
2173. 01.02.1986 3,7,11,14,19,28
2174. 08.02.1986 6,10,25,29,32,42
2175. 08.02.1986 2,3,6,11,14,23
2176. 15.02.1986 22,25,31,32,36,39
2177. 15.02.1986 2,5,7,18,42,47
2178. 22.02.1986 12,19,23,30,33,42
2179. 22.02.1986 1,14,28,31,40,41
2180. 01.03.1986 8,10,19,28,32,42
2181. 01.03.1986 10,27,31,35,39,49
2182. 08.03.1986 2,11,13,31,37,41
2183. 08.03.1986 7,13,14,16,33,43
2184. 15.03.1986 1,15,20,23,27,47
2185. 15.03.1986 5,13,15,17,30,36
2186. 22.03.1986 6,13,16,18,22,28
2187. 22.03.1986 17,22,25,30,31,39
2188. 29.03.1986 8,13,20,21,23,31
2189. 29.03.1986 6,26,27,32,33,37
2190. 05.04.1986 1,16,27,35,40,44
2191. 05.04.1986 16,18,26,28,30,49
2192. 12.04.1986 1,3,20,22,29,36
2193. 12.04.1986 4,16,19,23,27,30
2194. 19.04.1986 2,3,4,28,36,40
2195. 19.04.1986 3,4,7,12,20,44
2196. 26.04.1986 6,28,30,34,36,45
2197. 26.04.1986 3,5,13,15,23,38
2198. 03.05.1986 2,25,29,36,43,49
2199. 03.05.1986 1,10,16,19,41,49
2200. 10.05.1986 1,10,15,26,41,46
2201. 10.05.1986 1,4,27,36,41,49
2202. 17.05.1986 5,8,12,17,32,48
2203. 17.05.1986 8,19,29,33,34,40
2204. 24.05.1986 4,19,31,39,40,48
2205. 24.05.1986 8,19,20,33,34,39
2206. 31.05.1986 2,19,23,31,32,40
2207. 31.05.1986 12,15,19,23,34,41
2208. 07.06.1986 13,17,18,25,28,37
2209. 07.06.1986 8,9,20,29,42,49
2210. 14.06.1986 2,4,6,9,13,18
2211. 14.06.1986 5,6,15,28,37,38
2212. 21.06.1986 1,9,12,19,47,49
2213. 21.06.1986 8,14,17,20,31,43
2214. 28.06.1986 1,2,19,20,28,32
2215. 28.06.1986 6,12,20,26,41,48
2216. 05.07.1986 1,8,21,25,33,44
2217. 05.07.1986 3,5,6,23,36,40
2218. 12.07.1986 8,19,25,27,34,40
2219. 12.07.1986 5,8,17,36,38,43
2220. 19.07.1986 6,8,24,27,40,49
2221. 19.07.1986 4,9,17,31,47,48
2222. 26.07.1986 4,18,19,20,45,46
2223. 26.07.1986 6,25,28,38,39,45
2224. 02.08.1986 5,10,23,36,39,44
2225. 02.08.1986 2,8,9,29,31,33
2226. 09.08.1986 3,11,17,28,41,44
2227. 09.08.1986 10,12,13,29,39,46
2228. 16.08.1986 2,22,25,26,34,35
2229. 16.08.1986 6,24,28,31,36,41
2230. 23.08.1986 5,6,21,29,42,44
2231. 23.08.1986 2,24,26,37,41,46
2232. 30.08.1986 6,19,20,21,34,39
2233. 30.08.1986 6,20,33,39,41,44
2234. 06.09.1986 1,6,8,16,21,25
2235. 06.09.1986 5,8,11,20,22,49
2236. 13.09.1986 8,24,31,32,33,40
2237. 13.09.1986 18,22,38,41,46,48
2238. 20.09.1986 10,16,26,33,35,47
2239. 20.09.1986 3,6,11,25,45,46
2240. 27.09.1986 6,16,23,24,31,48
2241. 27.09.1986 2,11,29,30,31,47
2242. 04.10.1986 10,13,20,22,30,42
2243. 04.10.1986 19,20,24,35,36,41
2244. 11.10.1986 2,14,22,28,32,34
2245. 11.10.1986 7,20,29,33,34,39
2246. 18.10.1986 10,17,25,41,44,49
2247. 18.10.1986 3,4,20,28,33,44
2248. 25.10.1986 3,4,15,18,31,41
2249. 25.10.1986 3,15,17,18,25,35
2250. 01.11.1986 14,19,23,27,28,49
2251. 01.11.1986 3,13,22,27,30,33
2252. 08.11.1986 2,9,11,20,24,28
2253. 08.11.1986 5,7,9,18,39,47
2254. 15.11.1986 2,10,21,39,40,41
2255. 15.11.1986 8,21,25,28,37,47
2256. 22.11.1986 7,11,20,27,35,40
2257. 22.11.1986 15,19,22,29,42,47
2258. 29.11.1986 4,12,14,29,30,38
2259. 29.11.1986 2,5,29,33,36,42
2260. 06.12.1986 8,30,32,33,37,39
2261. 06.12.1986 4,5,13,14,15,29
2262. 13.12.1986 4,5,10,38,43,46
2263. 13.12.1986 13,15,42,44,46,48
2264. 20.12.1986 10,25,26,27,33,35
2265. 20.12.1986 1,13,19,22,25,26
2266. 27.12.1986 2,15,24,25,40,42
2267. 27.12.1986 5,11,16,25,32,49
2268. 03.01.1987 2,4,30,38,47,48
2269. 03.01.1987 8,22,32,35,40,47
2270. 10.01.1987 6,11,14,17,19,33
2271. 10.01.1987 6,16,18,32,40,46
2272. 17.01.1987 9,13,25,43,44,47
2273. 17.01.1987 2,9,23,43,47,48
2274. 24.01.1987 4,14,27,35,36,46
2275. 24.01.1987 8,9,16,24,35,37
2276. 31.01.1987 19,25,26,36,40,41
2277. 31.01.1987 6,11,18,19,24,31
2278. 07.02.1987 6,9,10,26,27,37
2279. 07.02.1987 14,19,21,28,31,44
2280. 14.02.1987 3,8,9,11,40,41
2281. 14.02.1987 1,5,9,11,37,44
2282. 21.02.1987 1,8,12,26,35,36
2283. 21.02.1987 5,13,14,29,39,49
2284. 28.02.1987 7,15,21,25,32,48
2285. 28.02.1987 2,8,18,23,33,39
2286. 07.03.1987 1,4,10,22,44,47
2287. 07.03.1987 7,11,18,21,29,46
2288. 14.03.1987 1,8,19,21,27,33
2289. 14.03.1987 5,11,17,25,37,47
2290. 21.03.1987 8,11,14,26,27,38
2291. 21.03.1987 6,12,26,29,32,48
2292. 28.03.1987 11,13,21,26,45,49
2293. 28.03.1987 3,6,7,12,26,28
2294. 04.04.1987 2,6,19,21,32,43
2295. 04.04.1987 16,18,19,29,33,48
2296. 11.04.1987 5,7,8,9,38,42
2297. 11.04.1987 3,4,20,31,32,49
2298. 18.04.1987 5,14,16,18,24,37
2299. 18.04.1987 9,11,16,24,38,39
2300. 25.04.1987 1,4,6,20,38,43
2301. 25.04.1987 3,26,32,36,45,49
2302. 02.05.1987 6,7,11,21,30,42
2303. 02.05.1987 9,11,12,15,19,42
2304. 09.05.1987 4,6,7,36,41,43
2305. 09.05.1987 13,14,19,20,26,43
2306. 16.05.1987 5,7,14,24,43,48
2307. 16.05.1987 3,4,15,18,22,25
2308. 23.05.1987 1,13,36,40,42,45
2309. 23.05.1987 1,2,4,27,41,48
2310. 30.05.1987 5,9,29,33,35,49
2311. 30.05.1987 3,6,11,15,27,34
2312. 06.06.1987 21,27,29,40,47,49
2313. 06.06.1987 4,5,15,32,38,39
2314. 13.06.1987 5,9,12,15,16,26
2315. 13.06.1987 1,3,15,24,29,30
2316. 20.06.1987 7,8,24,25,31,44
2317. 20.06.1987 3,20,29,37,39,45
2318. 27.06.1987 10,16,25,37,39,45
2319. 27.06.1987 9,10,23,24,34,47
2320. 04.07.1987 4,20,27,32,42,48
2321. 04.07.1987 5,10,16,21,22,26
2322. 11.07.1987 2,11,13,26,33,34
2323. 11.07.1987 1,5,17,22,34,48
2324. 18.07.1987 3,11,19,30,32,37
2325. 18.07.1987 8,11,14,15,27,35
2326. 25.07.1987 6,8,11,12,34,45
2327. 25.07.1987 2,32,36,38,39,48
2328. 01.08.1987 6,7,12,16,23,36
2329. 01.08.1987 6,14,15,22,35,48
2330. 08.08.1987 4,10,12,16,27,32
2331. 08.08.1987 1,14,20,26,40,42
2332. 15.08.1987 3,9,14,16,22,28
2333. 15.08.1987 6,15,16,18,21,49
2334. 22.08.1987 6,9,18,19,28,30
2335. 22.08.1987 10,20,30,34,36,45
2336. 29.08.1987 4,8,13,15,22,39
2337. 29.08.1987 2,3,13,20,34,44
2338. 05.09.1987 8,10,13,18,24,37
2339. 05.09.1987 1,12,16,29,31,32
2340. 12.09.1987 1,7,11,19,39,49
2341. 12.09.1987 12,16,20,22,29,32
2342. 19.09.1987 7,9,16,21,23,32
2343. 19.09.1987 4,6,19,22,30,45
2344. 26.09.1987 10,22,23,33,36,44
2345. 26.09.1987 4,20,24,28,30,37
2346. 03.10.1987 7,17,26,34,35,45
2347. 03.10.1987 2,9,10,14,18,24
2348. 10.10.1987 3,4,11,20,35,40
2349. 10.10.1987 6,27,28,35,36,40
2350. 17.10.1987 11,14,17,18,23,43
2351. 17.10.1987 11,13,19,27,36,49
2352. 24.10.1987 22,32,39,41,43,45
2353. 24.10.1987 4,12,18,33,39,49
2354. 31.10.1987 1,5,10,13,23,33
2355. 31.10.1987 6,9,12,22,25,39
2356. 07.11.1987 2,3,4,21,37,42
2357. 07.11.1987 2,9,12,17,18,29
2358. 14.11.1987 4,17,18,20,24,49
2359. 14.11.1987 9,16,21,28,31,39
2360. 21.11.1987 1,13,21,27,37,48
2361. 21.11.1987 5,7,12,20,21,34
2362. 28.11.1987 10,20,24,31,33,34
2363. 28.11.1987 1,13,15,19,25,29
2364. 05.12.1987 1,2,8,10,11,12
2365. 05.12.1987 2,3,14,17,40,45
2366. 12.12.1987 1,5,10,15,28,41
2367. 12.12.1987 3,14,18,25,31,45
2368. 19.12.1987 7,27,29,30,34,35
2369. 19.12.1987 12,18,26,45,46,49
2370. 26.12.1987 2,7,14,19,24,46
2371. 26.12.1987 4,5,19,27,37,45
2372. 02.01.1988 6,22,26,27,28,45
2373. 02.01.1988 3,5,17,23,27,40
2374. 09.01.1988 14,15,22,30,31,37
2375. 09.01.1988 2,5,30,32,33,38
2376. 16.01.1988 1,6,16,28,44,47
2377. 16.01.1988 6,14,21,32,37,49
2378. 23.01.1988 9,19,22,23,30,31
2379. 23.01.1988 5,14,23,32,40,47
2380. 30.01.1988 13,26,30,32,34,46
2381. 30.01.1988 6,13,21,36,40,48
2382. 06.02.1988 4,11,19,21,27,47
2383. 06.02.1988 10,14,20,31,37,40
2384. 13.02.1988 2,8,17,38,41,42
2385. 13.02.1988 9,15,20,26,27,29
2386. 20.02.1988 3,22,29,35,41,47
2387. 20.02.1988 1,13,22,24,32,37
2388. 27.02.1988 3,29,30,31,42,47
2389. 27.02.1988 8,15,22,25,28,39
2390. 05.03.1988 14,16,19,24,37,44
2391. 05.03.1988 6,12,27,28,34,48
2392. 12.03.1988 6,7,18,23,27,38
2393. 12.03.1988 2,6,23,27,39,47
2394. 19.03.1988 1,16,17,40,43,46
2395. 19.03.1988 1,15,16,24,41,44
2396. 26.03.1988 3,7,22,26,32,42
2397. 26.03.1988 3,7,16,21,24,37
2398. 02.04.1988 4,26,29,35,39,49
2399. 02.04.1988 23,24,38,39,41,42
2400. 09.04.1988 18,27,29,32,38,46
2401. 09.04.1988 2,6,10,19,31,49
2402. 16.04.1988 7,17,20,29,37,38
2403. 16.04.1988 18,26,31,35,42,46
2404. 23.04.1988 3,9,16,18,31,34
2405. 23.04.1988 2,20,22,34,36,40
2406. 30.04.1988 4,9,14,24,40,46
2407. 30.04.1988 6,10,11,24,33,43
2408. 07.05.1988 1,28,36,37,42,43
2409. 07.05.1988 9,18,25,33,36,39
2410. 14.05.1988 4,8,19,20,21,49
2411. 14.05.1988 11,16,23,26,30,36
2412. 21.05.1988 10,15,23,25,29,37
2413. 21.05.1988 3,8,28,30,38,39
2414. 28.05.1988 6,10,43,45,46,47
2415. 28.05.1988 9,16,23,26,41,43
2416. 04.06.1988 2,24,35,39,41,42
2417. 04.06.1988 6,9,25,32,34,46
2418. 11.06.1988 5,21,22,25,27,38
2419. 11.06.1988 9,17,18,19,25,39
2420. 18.06.1988 4,19,27,28,37,40
2421. 18.06.1988 8,15,28,34,38,44
2422. 25.06.1988 8,13,16,18,22,35
2423. 25.06.1988 5,9,18,35,46,48
2424. 02.07.1988 12,20,35,40,43,49
2425. 02.07.1988 3,16,19,23,46,49
2426. 09.07.1988 6,7,14,24,39,48
2427. 09.07.1988 5,9,30,31,41,43
2428. 16.07.1988 10,15,33,35,36,37
2429. 16.07.1988 1,9,17,30,32,44
2430. 23.07.1988 23,25,28,37,42,44
2431. 23.07.1988 3,6,7,38,40,46
2432. 30.07.1988 9,19,23,26,42,47
2433. 30.07.1988 5,8,28,30,34,44
2434. 06.08.1988 1,5,6,8,26,33
2435. 06.08.1988 6,11,31,35,38,42
2436. 13.08.1988 6,7,20,24,41,44
2437. 13.08.1988 1,5,20,22,31,47
2438. 20.08.1988 9,12,28,31,40,45
2439. 20.08.1988 5,8,11,12,13,19
2440. 27.08.1988 3,8,14,17,43,49
2441. 27.08.1988 1,13,17,20,26,37
2442. 03.09.1988 6,24,32,34,41,42
2443. 03.09.1988 5,9,14,24,29,40
2444. 10.09.1988 4,22,23,29,32,47
2445. 10.09.1988 9,10,17,25,38,49
2446. 17.09.1988 14,16,18,22,24,34
2447. 17.09.1988 3,14,27,31,34,46
2448. 24.09.1988 1,18,24,33,36,42
2449. 24.09.1988 5,6,33,45,47,49
2450. 01.10.1988 1,25,32,39,41,47
2451. 01.10.1988 2,20,21,38,48,49
2452. 08.10.1988 2,3,8,29,33,43
2453. 08.10.1988 6,8,20,32,36,46
2454. 15.10.1988 9,15,26,34,36,47
2455. 15.10.1988 2,5,20,22,44,45
2456. 22.10.1988 7,12,15,18,33,34
2457. 22.10.1988 4,5,21,29,39,48
2458. 29.10.1988 4,6,24,28,40,42
2459. 29.10.1988 9,11,12,34,36,41
2460. 05.11.1988 5,6,20,41,42,48
2461. 05.11.1988 8,13,17,38,41,44
2462. 12.11.1988 1,10,14,31,32,49
2463. 12.11.1988 1,5,8,22,25,49
2464. 19.11.1988 3,16,29,33,47,48
2465. 19.11.1988 5,34,37,39,42,44
2466. 26.11.1988 6,11,17,26,29,40
2467. 26.11.1988 29,32,34,38,44,45
2468. 03.12.1988 15,22,24,34,35,47
2469. 03.12.1988 3,6,10,20,25,41
2470. 10.12.1988 9,12,26,27,47,49
2471. 10.12.1988 14,15,31,36,45,48
2472. 17.12.1988 3,7,9,13,26,47
2473. 17.12.1988 8,12,15,37,41,42
2474. 24.12.1988 2,5,23,39,41,44
2475. 24.12.1988 2,9,11,14,16,45
2476. 31.12.1988 7,8,24,25,31,35
2477. 31.12.1988 5,7,15,21,27,38
2478. 07.01.1989 8,24,29,30,32,36
2479. 07.01.1989 18,21,37,38,46,47
2480. 14.01.1989 12,19,36,38,39,42
2481. 14.01.1989 1,10,19,22,30,47
2482. 21.01.1989 3,4,5,31,35,36
2483. 21.01.1989 8,15,30,35,43,46
2484. 28.01.1989 6,30,32,36,38,40
2485. 28.01.1989 9,27,29,33,37,43
2486. 04.02.1989 6,11,30,31,35,37
2487. 04.02.1989 9,21,23,35,37,48
2488. 11.02.1989 2,10,11,12,42,48
2489. 11.02.1989 14,16,19,23,34,48
2490. 18.02.1989 1,4,8,16,19,24
2491. 18.02.1989 8,16,17,18,26,45
2492. 25.02.1989 2,3,7,9,13,46
2493. 25.02.1989 22,25,35,39,41,45
2494. 04.03.1989 12,26,32,37,38,44
2495. 04.03.1989 9,17,20,23,27,34
2496. 11.03.1989 1,3,7,8,16,33
2497. 11.03.1989 6,8,9,16,21,42
2498. 18.03.1989 3,6,15,21,27,34
2499. 18.03.1989 2,17,21,25,33,39
2500. 25.03.1989 6,27,28,38,41,44
2501. 25.03.1989 9,16,21,22,27,35
2502. 01.04.1989 4,11,12,19,23,29
2503. 01.04.1989 1,5,7,17,18,40
2504. 08.04.1989 1,24,34,44,45,47
2505. 08.04.1989 1,3,12,18,23,40
2506. 15.04.1989 4,9,12,18,38,43
2507. 15.04.1989 1,15,30,38,46,47
2508. 22.04.1989 8,23,33,42,43,45
2509. 22.04.1989 3,25,28,32,34,48
2510. 29.04.1989 22,35,36,40,47,49
2511. 29.04.1989 5,7,12,23,34,39
2512. 06.05.1989 11,12,18,31,32,42
2513. 06.05.1989 6,22,28,35,36,39
2514. 13.05.1989 2,19,28,35,45,47
2515. 13.05.1989 2,4,5,20,29,42
2516. 20.05.1989 1,4,5,7,19,49
2517. 20.05.1989 15,16,21,22,40,49
2518. 27.05.1989 7,16,19,31,32,41
2519. 27.05.1989 4,6,12,33,40,49
2520. 03.06.1989 6,9,20,32,45,49
2521. 03.06.1989 10,16,17,24,27,36
2522. 10.06.1989 11,20,26,29,40,48
2523. 10.06.1989 19,20,21,28,36,42
2524. 17.06.1989 12,20,27,36,42,46
2525. 17.06.1989 1,21,26,31,32,43
2526. 24.06.1989 13,15,18,31,34,45
2527. 24.06.1989 5,22,23,27,40,48
2528. 01.07.1989 3,6,9,10,39,47
2529. 01.07.1989 2,4,17,34,40,49
2530. 08.07.1989 6,11,16,20,24,42
2531. 08.07.1989 4,22,26,29,48,49
2532. 15.07.1989 11,12,14,35,39,42
2533. 15.07.1989 21,22,32,41,47,49
2534. 22.07.1989 5,20,33,35,43,44
2535. 22.07.1989 1,2,11,13,19,33
2536. 29.07.1989 9,27,31,34,37,39
2537. 29.07.1989 2,15,17,19,23,34
2538. 05.08.1989 4,17,19,26,35,48
2539. 05.08.1989 13,14,27,28,30,31
2540. 12.08.1989 1,10,15,32,44,48
2541. 12.08.1989 10,11,15,18,38,46
2542. 19.08.1989 15,21,39,41,42,45
2543. 19.08.1989 1,2,17,23,25,38
2544. 26.08.1989 8,13,16,21,31,34
2545. 26.08.1989 3,24,27,37,41,42
2546. 02.09.1989 1,29,37,42,44,47
2547. 02.09.1989 2,3,35,40,43,46
2548. 09.09.1989 9,23,26,42,46,47
2549. 09.09.1989 3,11,21,28,43,45
2550. 16.09.1989 6,20,31,39,40,45
2551. 16.09.1989 7,12,15,20,26,30
2552. 23.09.1989 26,33,34,36,42,47
2553. 23.09.1989 10,12,19,27,44,47
2554. 30.09.1989 1,4,22,33,48,49
2555. 30.09.1989 5,15,25,32,34,35
2556. 07.10.1989 8,14,16,20,46,49
2557. 07.10.1989 16,23,25,39,42,48
2558. 14.10.1989 8,12,34,36,42,44
2559. 14.10.1989 6,8,17,21,26,34
2560. 21.10.1989 2,6,8,16,25,48
2561. 21.10.1989 6,13,15,20,21,25
2562. 28.10.1989 3,9,13,35,36,40
2563. 28.10.1989 3,7,11,19,37,48
2564. 04.11.1989 4,15,16,29,35,38
2565. 04.11.1989 2,13,14,19,20,33
2566. 11.11.1989 1,4,6,15,31,40
2567. 11.11.1989 6,15,24,28,41,42
2568. 18.11.1989 1,14,20,36,42,46
2569. 18.11.1989 1,13,14,21,28,31
2570. 25.11.1989 14,33,36,41,46,47
2571. 25.11.1989 26,29,31,35,47,49
2572. 02.12.1989 1,19,20,23,46,48
2573. 02.12.1989 5,8,20,26,35,37
2574. 09.12.1989 3,6,13,27,40,46
2575. 09.12.1989 14,18,21,36,37,48
2576. 16.12.1989 1,4,9,22,24,35
2577. 16.12.1989 4,9,10,17,34,40
2578. 23.12.1989 5,15,19,27,31,48
2579. 23.12.1989 3,7,10,16,30,47
2580. 30.12.1989 5,7,14,24,28,42
2581. 30.12.1989 4,9,21,31,32,42
2582. 06.01.1990 7,31,34,38,43,48
2583. 06.01.1990 3,6,16,19,24,47
2584. 13.01.1990 8,19,34,35,36,47
2585. 13.01.1990 1,12,15,30,32,48
2586. 20.01.1990 6,9,10,13,35,40
2587. 20.01.1990 7,33,35,42,43,48
2588. 27.01.1990 7,13,22,24,39,42
2589. 27.01.1990 2,3,5,15,21,36
2590. 03.02.1990 1,7,24,43,45,48
2591. 03.02.1990 5,12,24,26,39,46
2592. 10.02.1990 11,13,17,34,43,49
2593. 10.02.1990 4,18,27,35,36,40
2594. 17.02.1990 2,13,15,29,37,46
2595. 17.02.1990 13,16,29,33,38,44
2596. 24.02.1990 2,28,38,39,40,41
2597. 24.02.1990 3,4,7,14,20,24
2598. 03.03.1990 6,22,26,29,34,41
2599. 03.03.1990 4,21,32,41,47,48
2600. 10.03.1990 15,24,27,28,38,42
2601. 10.03.1990 1,4,14,19,21,39
2602. 17.03.1990 10,11,12,23,25,45
2603. 17.03.1990 13,16,30,33,47,49
2604. 24.03.1990 19,20,22,26,33,40
2605. 24.03.1990 3,11,23,29,32,39
2606. 31.03.1990 7,9,25,27,43,49
2607. 31.03.1990 31,35,42,45,46,48
2608. 07.04.1990 4,20,26,29,37,45
2609. 07.04.1990 5,13,17,19,29,41
2610. 14.04.1990 3,4,6,22,35,49
2611. 14.04.1990 7,20,22,26,46,47
2612. 21.04.1990 3,21,27,39,44,49
2613. 21.04.1990 15,20,38,41,42,47
2614. 28.04.1990 12,19,22,29,30,46
2615. 28.04.1990 5,9,25,37,38,48
2616. 05.05.1990 4,11,14,15,24,38
2617. 05.05.1990 13,15,29,41,43,45
2618. 12.05.1990 9,25,39,40,47,48
2619. 12.05.1990 2,8,12,19,21,27
2620. 19.05.1990 4,10,11,28,39,46
2621. 19.05.1990 4,9,18,32,37,45
2622. 26.05.1990 3,4,17,20,33,34
2623. 26.05.1990 1,5,9,11,29,38
2624. 02.06.1990 2,4,8,13,14,26
2625. 02.06.1990 24,34,39,40,42,44
2626. 09.06.1990 6,21,30,31,34,46
2627. 09.06.1990 6,26,30,33,34,42
2628. 16.06.1990 10,22,24,31,42,43
2629. 16.06.1990 8,10,13,18,25,40
2630. 23.06.1990 6,14,34,39,44,45
2631. 23.06.1990 1,6,12,19,20,48
2632. 30.06.1990 2,5,9,10,13,24
2633. 30.06.1990 6,10,15,32,34,43
2634. 07.07.1990 15,22,26,33,40,43
2635. 07.07.1990 2,4,13,18,33,42
2636. 14.07.1990 1,21,30,31,37,40
2637. 14.07.1990 2,10,16,25,29,44
2638. 21.07.1990 5,6,17,24,38,41
2639. 21.07.1990 5,11,18,20,30,49
2640. 28.07.1990 3,30,39,40,41,45
2641. 28.07.1990 6,9,13,22,33,39
2642. 04.08.1990 9,17,25,28,31,37
2643. 04.08.1990 17,19,29,30,45,48
2644. 11.08.1990 6,19,20,27,31,34
2645. 11.08.1990 3,17,30,33,38,47
2646. 18.08.1990 10,19,31,34,38,46
2647. 18.08.1990 1,2,12,26,28,44
2648. 25.08.1990 5,23,34,38,41,48
2649. 25.08.1990 13,17,39,43,48,49
2650. 01.09.1990 8,17,21,23,33,47
2651. 01.09.1990 5,29,31,33,48,49
2652. 08.09.1990 7,9,13,26,32,46
2653. 08.09.1990 10,38,39,40,41,48
2654. 15.09.1990 2,5,20,28,38,43
2655. 15.09.1990 4,8,30,33,40,49
2656. 22.09.1990 12,21,22,34,37,44
2657. 22.09.1990 9,19,23,27,28,41
2658. 29.09.1990 6,8,14,17,36,48
2659. 29.09.1990 2,17,30,34,44,47
2660. 06.10.1990 11,20,35,44,46,48
2661. 06.10.1990 6,7,23,37,39,42
2662. 13.10.1990 6,8,12,23,36,39
2663. 13.10.1990 25,26,37,39,40,47
2664. 20.10.1990 20,27,32,33,43,46
2665. 20.10.1990 2,6,15,28,36,43
2666. 27.10.1990 10,25,29,36,37,39
2667. 27.10.1990 4,7,21,27,29,34
2668. 03.11.1990 9,21,22,25,33,37
2669. 03.11.1990 7,18,20,21,29,30
2670. 10.11.1990 6,15,27,32,35,44
2671. 10.11.1990 3,37,41,42,47,49
2672. 17.11.1990 7,11,25,26,34,42
2673. 17.11.1990 2,6,20,24,30,44
2674. 24.11.1990 2,22,33,41,43,46
2675. 24.11.1990 8,20,21,25,26,33
2676. 01.12.1990 17,27,33,42,43,49
2677. 01.12.1990 9,15,26,29,40,42
2678. 08.12.1990 11,14,15,21,31,37
2679. 08.12.1990 14,24,26,38,41,47
2680. 15.12.1990 10,14,19,23,33,37
2681. 15.12.1990 17,38,40,41,42,45
2682. 22.12.1990 4,10,16,21,31,48
2683. 22.12.1990 14,17,26,30,35,46
2684. 29.12.1990 21,31,34,45,46,48
2685. 29.12.1990 8,12,22,36,37,40
2686. 05.01.1991 3,8,10,17,18,44
2687. 05.01.1991 11,25,31,37,41,44
2688. 12.01.1991 17,31,35,46,47,49
2689. 12.01.1991 9,21,31,32,34,46
2690. 19.01.1991 7,8,11,15,23,45
2691. 19.01.1991 4,8,13,24,32,42
2692. 26.01.1991 8,11,15,17,25,49
2693. 26.01.1991 1,6,23,30,37,38
2694. 02.02.1991 24,31,36,38,46,47
2695. 02.02.1991 2,12,15,23,41,46
2696. 09.02.1991 8,24,44,45,47,49
2697. 09.02.1991 2,4,36,37,40,48
2698. 16.02.1991 3,22,25,27,28,46
2699. 16.02.1991 6,7,20,33,40,41
2700. 23.02.1991 4,10,27,29,38,39
2701. 23.02.1991 3,12,24,40,43,47
2702. 02.03.1991 11,26,27,28,42,45
2703. 02.03.1991 11,27,34,35,36,46
2704. 09.03.1991 3,9,18,22,31,46
2705. 09.03.1991 5,8,11,30,31,40
2706. 16.03.1991