1. 07.01.1981 3,13,18,36,38
2. 14.01.1981 14,15,30,38,40
3. 21.01.1981 6,23,26,38,42
4. 28.01.1981 2,5,10,34,39
5. 04.02.1981 5,10,17,26,40
6. 11.02.1981 2,14,19,26,30
7. 18.02.1981 10,14,23,31,32
8. 25.02.1981 1,23,35,37,42
9. 04.03.1981 9,12,20,27,41
10. 11.03.1981 11,15,22,32,33
11. 18.03.1981 6,9,24,26,35
12. 25.03.1981 1,14,19,20,29
13. 01.04.1981 12,26,34,41,42
14. 08.04.1981 2,7,20,21,32
15. 15.04.1981 16,19,28,30,33
16. 22.04.1981 3,13,22,24,32
17. 29.04.1981 2,10,18,29,36
18. 06.05.1981 21,26,28,34,42
19. 13.05.1981 3,13,30,36,40
20. 20.05.1981 7,11,16,24,37
21. 27.05.1981 10,11,21,22,38
22. 03.06.1981 6,20,26,34,38
23. 10.06.1981 3,5,24,27,30
24. 17.06.1981 7,10,17,18,28
25. 24.06.1981 2,7,23,34,40
26. 01.07.1981 6,10,25,26,35
27. 08.07.1981 5,7,25,27,29
28. 15.07.1981 15,20,26,40,41
29. 22.07.1981 4,13,31,34,35
30. 29.07.1981 15,24,29,30,37
31. 05.08.1981 1,5,8,30,36
32. 12.08.1981 2,5,7,9,35
33. 19.08.1981 5,20,23,34,40
34. 26.08.1981 5,13,18,33,36
35. 02.09.1981 9,30,34,35,42
36. 09.09.1981 19,31,32,34,40
37. 16.09.1981 18,28,31,34,36
38. 23.09.1981 2,6,16,20,30
39. 30.09.1981 1,15,17,26,31
40. 07.10.1981 11,16,21,35,42
41. 14.10.1981 11,15,16,21,41
42. 21.10.1981 3,7,25,31,33
43. 28.10.1981 14,25,33,37,40
44. 04.11.1981 6,12,17,22,29
45. 11.11.1981 15,17,21,23,32
46. 18.11.1981 7,9,11,17,26
47. 25.11.1981 6,9,16,24,25
48. 02.12.1981 5,6,25,28,37
49. 09.12.1981 12,16,36,41,42
50. 16.12.1981 5,9,16,23,41
51. 23.12.1981 21,23,33,38,42
52. 30.12.1981 5,9,15,35,37
53. 06.01.1982 3,6,20,30,34
54. 13.01.1982 2,15,26,30,41
55. 20.01.1982 1,3,15,25,26
56. 27.01.1982 15,26,27,28,29
57. 03.02.1982 21,27,29,33,37
58. 10.02.1982 5,14,27,32,37
59. 17.02.1982 9,13,31,38,40
60. 24.02.1982 6,13,22,28,31
61. 03.03.1982 2,4,30,35,36
62. 10.03.1982 4,20,23,36,39
63. 17.03.1982 4,6,14,33,37
64. 24.03.1982 1,7,18,29,40
65. 31.03.1982 7,11,23,32,38
66. 07.04.1982 4,13,18,21,32
67. 14.04.1982 8,12,16,23,40
68. 21.04.1982 27,28,35,38,39
69. 28.04.1982 14,17,23,35,40
70. 05.05.1982 8,13,15,26,39
71. 12.05.1982 1,3,4,10,37
72. 19.05.1982 11,16,20,23,26
73. 26.05.1982 9,18,19,26,42
74. 02.06.1982 9,12,13,20,32
75. 09.06.1982 17,18,29,30,33
76. 16.06.1982 11,14,17,24,29
77. 23.06.1982 21,24,29,30,41
78. 30.06.1982 5,25,39,40,42
79. 07.07.1982 3,10,11,13,21
80. 14.07.1982 19,23,24,28,39
81. 21.07.1982 9,13,15,19,29
82. 28.07.1982 6,8,12,24,25
83. 04.08.1982 3,17,20,32,37
84. 11.08.1982 9,11,25,31,34
85. 18.08.1982 5,20,28,33,37
86. 25.08.1982 14,15,22,30,38
87. 01.09.1982 5,6,13,15,34
88. 08.09.1982 9,18,22,29,33
89. 15.09.1982 6,10,31,32,42
90. 22.09.1982 5,8,10,28,39
91. 29.09.1982 6,14,24,25,31
92. 06.10.1982 18,19,22,34,39
93. 13.10.1982 4,6,12,16,39
94. 20.10.1982 6,10,13,22,29
95. 27.10.1982 4,6,10,32,38
96. 03.11.1982 3,9,21,34,37
97. 10.11.1982 8,11,12,14,30
98. 17.11.1982 16,18,28,37,39
99. 24.11.1982 3,9,12,16,19
100. 01.12.1982 3,12,23,38,39
101. 08.12.1982 8,17,26,33,41
102. 15.12.1982 20,28,30,37,40
103. 22.12.1982 13,18,34,37,41
104. 29.12.1982 9,11,15,16,21
105. 05.01.1983 5,8,29,39,40
106. 12.01.1983 6,15,30,33,38
107. 19.01.1983 2,27,33,39,41
108. 26.01.1983 5,12,21,26,36
109. 02.02.1983 1,8,17,27,38
110. 09.02.1983 18,32,35,38,40
111. 16.02.1983 10,12,15,22,29
112. 23.02.1983 15,17,19,32,36
113. 02.03.1983 2,10,20,27,34
114. 09.03.1983 7,9,18,21,24
115. 16.03.1983 3,24,30,31,32
116. 23.03.1983 11,15,16,21,38
117. 30.03.1983 10,13,19,20,29
118. 06.04.1983 8,10,15,19,20
119. 13.04.1983 12,18,23,30,33
120. 20.04.1983 6,9,14,34,38
121. 27.04.1983 2,14,16,21,34
122. 04.05.1983 13,17,30,33,37
123. 11.05.1983 4,6,22,26,38
124. 18.05.1983 17,20,24,28,38
125. 25.05.1983 15,20,22,24,30
126. 01.06.1983 13,20,23,36,42
127. 08.06.1983 15,21,34,36,39
128. 15.06.1983 7,9,10,17,42
129. 22.06.1983 6,16,18,23,35
130. 29.06.1983 4,19,25,29,41
131. 06.07.1983 3,14,23,31,34
132. 13.07.1983 2,3,15,21,38
133. 20.07.1983 1,3,6,26,35
134. 27.07.1983 5,8,9,11,42
135. 03.08.1983 3,5,22,29,31
136. 10.08.1983 12,14,26,37,40
137. 17.08.1983 6,15,30,35,36
138. 24.08.1983 3,7,20,30,42
139. 31.08.1983 1,9,10,13,35
140. 07.09.1983 5,7,10,31,35
141. 14.09.1983 12,22,23,29,31
142. 21.09.1983 5,7,18,24,32
143. 28.09.1983 6,10,11,18,29
144. 05.10.1983 12,18,24,25,39
145. 12.10.1983 3,20,28,30,38
146. 19.10.1983 4,7,33,35,36
147. 26.10.1983 9,11,17,37,42
148. 02.11.1983 11,13,29,30,39
149. 09.11.1983 2,7,18,20,33
150. 16.11.1983 26,28,35,40,42
151. 23.11.1983 2,9,16,22,37
152. 30.11.1983 1,7,26,27,31
153. 07.12.1983 4,6,13,16,20
154. 14.12.1983 10,18,21,25,35
155. 21.12.1983 4,6,8,35,42
156. 28.12.1983 7,12,20,21,36
157. 04.01.1984 8,15,25,30,40
158. 11.01.1984 3,12,13,25,30
159. 18.01.1984 3,15,21,37,38
160. 25.01.1984 16,17,18,34,35
161. 01.02.1984 5,9,34,39,41
162. 08.02.1984 1,2,15,16,31
163. 15.02.1984 2,5,8,19,33
164. 22.02.1984 6,20,25,37,41
165. 29.02.1984 6,14,32,36,40
166. 07.03.1984 6,7,18,25,40
167. 14.03.1984 11,29,40,41,42
168. 21.03.1984 3,7,10,27,36
169. 28.03.1984 22,25,26,30,36
170. 04.04.1984 18,19,33,36,42
171. 11.04.1984 10,11,27,34,36
172. 18.04.1984 25,32,33,37,38
173. 25.04.1984 20,31,33,36,37
174. 02.05.1984 22,27,32,34,42
175. 09.05.1984 11,16,22,26,37
176. 16.05.1984 13,20,28,30,35
177. 23.05.1984 1,5,14,34,41
178. 30.05.1984 6,8,19,21,42
179. 06.06.1984 2,20,21,23,29
180. 13.06.1984 3,14,15,16,17
181. 20.06.1984 15,21,22,29,40
182. 27.06.1984 10,13,14,22,34
183. 04.07.1984 3,6,18,19,27
184. 11.07.1984 6,8,23,26,35
185. 18.07.1984 2,10,13,23,39
186. 25.07.1984 5,16,21,33,40
187. 01.08.1984 17,20,25,31,32
188. 08.08.1984 5,12,17,24,32
189. 15.08.1984 11,16,18,32,42
190. 22.08.1984 2,23,27,34,38
191. 29.08.1984 10,16,29,35,42
192. 05.09.1984 2,8,16,30,36
193. 12.09.1984 3,4,18,26,37
194. 19.09.1984 2,5,17,22,36
195. 26.09.1984 7,15,16,19,39
196. 03.10.1984 7,18,19,24,40
197. 10.10.1984 18,26,28,37,42
198. 17.10.1984 3,8,20,21,31
199. 24.10.1984 4,19,22,24,29
200. 31.10.1984 1,5,12,16,40
201. 07.11.1984 13,25,32,35,39
202. 14.11.1984 2,7,9,12,17
203. 21.11.1984 3,14,23,35,41
204. 28.11.1984 3,11,19,34,37
205. 05.12.1984 3,9,13,25,32
206. 12.12.1984 6,8,9,16,37
207. 19.12.1984 1,7,15,27,42
208. 26.12.1984 3,13,20,26,41
209. 02.01.1985 2,5,19,36,42
210. 09.01.1985 6,9,21,31,37
211. 16.01.1985 1,4,9,14,17
212. 23.01.1985 13,28,31,34,35
213. 30.01.1985 5,25,28,31,33
214. 06.02.1985 19,22,26,30,31
215. 13.02.1985 2,10,12,16,27
216. 20.02.1985 10,17,23,33,41
217. 27.02.1985 3,6,7,23,24
218. 06.03.1985 2,21,22,31,42
219. 13.03.1985 6,15,29,30,34
220. 20.03.1985 1,11,17,24,37
221. 27.03.1985 14,26,29,38,39
222. 03.04.1985 2,26,29,37,39
223. 10.04.1985 10,30,31,39,42
224. 17.04.1985 3,13,17,31,38
225. 24.04.1985 1,5,6,30,41
226. 01.05.1985 5,7,14,19,32
227. 08.05.1985 4,9,18,19,27
228. 15.05.1985 20,21,26,37,38
229. 22.05.1985 12,19,30,33,34
230. 29.05.1985 10,12,13,16,23
231. 05.06.1985 1,11,13,21,37
232. 12.06.1985 1,14,20,33,40
233. 19.06.1985 5,19,22,23,29
234. 26.06.1985 19,31,34,37,41
235. 03.07.1985 8,9,18,27,41
236. 10.07.1985 7,11,21,32,42
237. 17.07.1985 1,11,18,20,21
238. 24.07.1985 4,19,32,35,40
239. 31.07.1985 10,13,14,27,42
240. 07.08.1985 6,10,14,27,41
241. 14.08.1985 4,11,20,23,32
242. 21.08.1985 20,22,28,34,42
243. 28.08.1985 8,18,25,28,38
244. 04.09.1985 1,33,34,35,36
245. 11.09.1985 4,8,17,23,41
246. 18.09.1985 6,12,20,24,27
247. 25.09.1985 2,3,5,30,33
248. 02.10.1985 14,15,24,27,42
249. 09.10.1985 7,11,12,17,27
250. 16.10.1985 9,13,16,21,28
251. 23.10.1985 4,10,13,36,40
252. 30.10.1985 11,15,19,26,40
253. 06.11.1985 15,21,26,28,34
254. 13.11.1985 21,22,25,32,39
255. 20.11.1985 3,4,12,20,34
256. 27.11.1985 4,6,11,34,42
257. 04.12.1985 13,23,36,38,40
258. 11.12.1985 17,19,20,21,39
259. 18.12.1985 15,25,26,27,29
260. 25.12.1985 6,12,16,23,26
261. 01.01.1986 1,15,19,21,39
262. 08.01.1986 1,10,25,31,38
263. 15.01.1986 1,4,5,33,42
264. 22.01.1986 15,21,23,28,35
265. 29.01.1986 8,10,28,32,34
266. 05.02.1986 3,5,19,33,35
267. 12.02.1986 2,5,8,10,38
268. 19.02.1986 2,22,26,28,39
269. 26.02.1986 7,18,20,25,35
270. 05.03.1986 2,4,21,29,36
271. 12.03.1986 6,11,18,27,36
272. 19.03.1986 9,21,23,29,37
273. 26.03.1986 6,7,12,28,32
274. 02.04.1986 5,16,28,35,37
275. 09.04.1986 17,24,30,31,32
276. 16.04.1986 12,30,34,37,40
277. 23.04.1986 1,7,25,39,42
278. 30.04.1986 10,11,12,25,34
279. 07.05.1986 1,6,15,16,19
280. 14.05.1986 6,9,15,16,34
281. 21.05.1986 2,4,5,13,18
282. 28.05.1986 11,13,18,22,23
283. 04.06.1986 8,9,11,15,29
284. 11.06.1986 4,16,17,26,32
285. 18.06.1986 1,27,28,31,34
286. 25.06.1986 10,18,23,38,39
287. 02.07.1986 1,7,23,36,37
288. 09.07.1986 2,4,13,16,26
289. 16.07.1986 4,14,27,32,35
290. 23.07.1986 5,14,24,32,37
291. 30.07.1986 13,15,17,26,40
292. 06.08.1986 7,13,19,20,38
293. 13.08.1986 5,8,27,36,38
294. 20.08.1986 6,25,31,34,42
295. 27.08.1986 7,8,26,36,42
296. 03.09.1986 6,23,24,35,42
297. 10.09.1986 16,18,22,37,39
298. 17.09.1986 4,17,18,22,32
299. 24.09.1986 1,6,12,13,31
300. 01.10.1986 18,27,28,38,42
301. 08.10.1986 16,20,23,29,31
302. 15.10.1986 11,14,15,28,30
303. 22.10.1986 4,8,19,32,36
304. 29.10.1986 3,14,26,30,41
305. 05.11.1986 3,16,18,36,37
306. 12.11.1986 14,15,20,27,28
307. 19.11.1986 5,9,10,23,28
308. 29.11.1986 11,12,23,38,41
309. 03.12.1986 10,14,25,29,37
310. 10.12.1986 18,24,31,34,42
311. 17.12.1986 1,25,33,40,42
312. 24.12.1986 11,12,28,36,37
313. 31.12.1986 9,13,18,24,28
314. 07.01.1987 14,16,22,25,32
315. 14.01.1987 7,11,12,38,39
316. 21.01.1987 19,24,32,34,39
317. 28.01.1987 1,3,8,14,28
318. 04.02.1987 6,14,18,22,35
319. 11.02.1987 6,22,26,29,33
320. 18.02.1987 2,3,5,16,31
321. 25.02.1987 1,3,10,12,29
322. 04.03.1987 14,21,23,25,31
323. 11.03.1987 16,23,26,30,41
324. 18.03.1987 11,12,23,24,35
325. 25.03.1987 12,23,26,28,40
326. 01.04.1987 1,24,29,31,41
327. 08.04.1987 2,4,14,19,21
328. 15.04.1987 4,26,32,33,36
329. 22.04.1987 7,10,11,17,35
330. 29.04.1987 1,3,6,10,26
331. 06.05.1987 4,11,18,35,36
332. 13.05.1987 1,13,15,24,28
333. 20.05.1987 2,14,20,27,35
334. 27.05.1987 3,8,11,25,33
335. 03.06.1987 19,31,35,38,39
336. 10.06.1987 21,22,25,30,40
337. 17.06.1987 7,8,19,32,34
338. 24.06.1987 4,12,27,37,38
339. 01.07.1987 9,11,15,18,27
340. 08.07.1987 4,5,17,20,26
341. 15.07.1987 17,20,27,31,33
342. 22.07.1987 3,8,15,17,18
343. 29.07.1987 2,7,25,32,38
344. 05.08.1987 10,15,26,31,42
345. 12.08.1987 5,22,26,30,36
346. 19.08.1987 3,10,15,25,28
347. 26.08.1987 5,11,16,38,39
348. 02.09.1987 14,18,21,25,26
349. 09.09.1987 8,15,20,22,23
350. 16.09.1987 9,10,28,30,40
351. 23.09.1987 2,4,15,20,29
352. 30.09.1987 2,3,17,34,42
353. 07.10.1987 2,10,20,32,39
354. 14.10.1987 6,12,24,31,40
355. 21.10.1987 3,15,18,29,36
356. 28.10.1987 4,10,13,16,31
357. 04.11.1987 22,25,28,35,40
358. 11.11.1987 3,25,26,31,40
359. 18.11.1987 4,6,9,17,38
360. 25.11.1987 8,16,17,18,24
361. 02.12.1987 9,14,20,21,32
362. 09.12.1987 2,9,21,25,37
363. 16.12.1987 10,24,25,28,37
364. 23.12.1987 6,13,17,30,34
365. 30.12.1987 1,6,22,28,35
366. 06.01.1988 1,6,28,34,37
367. 13.01.1988 13,27,29,36,37
368. 20.01.1988 2,10,31,40,41
369. 27.01.1988 16,18,22,31,35
370. 03.02.1988 3,7,10,14,27
371. 10.02.1988 4,7,32,34,41
372. 17.02.1988 4,12,16,17,41
373. 24.02.1988 1,2,25,29,32
374. 02.03.1988 10,28,30,33,36
375. 09.03.1988 4,12,17,27,29
376. 19.03.1988 4,5,24,26,37
377. 23.03.1988 2,7,24,31,38
378. 30.03.1988 21,22,27,28,40
379. 06.04.1988 2,5,9,10,42
380. 13.04.1988 18,29,31,40,41
381. 20.04.1988 6,13,18,19,33
382. 27.04.1988 7,30,36,37,41
383. 04.05.1988 2,3,20,22,34
384. 11.05.1988 9,11,33,35,36
385. 18.05.1988 11,12,19,26,38
386. 25.05.1988 8,24,31,37,39
387. 01.06.1988 4,18,26,32,34
388. 08.06.1988 1,7,31,33,40
389. 15.06.1988 1,2,12,25,26
390. 22.06.1988 5,15,16,22,35
391. 29.06.1988 24,28,29,30,32
392. 06.07.1988 2,4,8,31,34
393. 13.07.1988 2,7,15,21,35
394. 20.07.1988 11,15,21,25,29
395. 27.07.1988 2,3,4,16,35
396. 03.08.1988 7,17,24,28,37
397. 10.08.1988 1,15,20,28,42
398. 17.08.1988 8,11,13,21,27
399. 24.08.1988 10,18,32,35,36
400. 31.08.1988 4,6,25,26,28
401. 07.09.1988 3,5,19,26,30
402. 14.09.1988 7,16,21,27,29
403. 21.09.1988 6,13,16,30,42
404. 28.09.1988 6,12,26,36,41
405. 05.10.1988 13,18,19,25,29
406. 12.10.1988 4,10,17,26,34
407. 19.10.1988 4,13,24,28,39
408. 26.10.1988 17,19,20,22,29
409. 02.11.1988 8,10,22,23,29
410. 09.11.1988 4,21,28,37,40
411. 16.11.1988 5,8,9,26,33
412. 23.11.1988 1,9,17,27,41
413. 30.11.1988 2,6,7,28,33
414. 07.12.1988 17,20,22,27,28
415. 14.12.1988 16,19,26,28,33
416. 21.12.1988 2,16,21,31,35
417. 28.12.1988 1,17,35,39,41
418. 04.01.1989 6,17,23,24,33
419. 11.01.1989 7,15,22,37,39
420. 18.01.1989 4,5,27,29,32
421. 25.01.1989 15,19,21,40,42
422. 01.02.1989 10,13,20,26,30
423. 08.02.1989 5,12,31,34,38
424. 15.02.1989 6,14,19,22,27
425. 22.02.1989 6,19,27,38,41
426. 01.03.1989 3,5,8,22,28
427. 08.03.1989 2,9,12,18,42
428. 15.03.1989 2,3,10,35,41
429. 22.03.1989 10,18,21,25,26
430. 29.03.1989 2,3,28,32,34
431. 05.04.1989 2,11,17,18,30
432. 12.04.1989 10,13,23,24,28
433. 19.04.1989 6,18,23,28,30
434. 26.04.1989 6,7,10,19,25
435. 03.05.1989 1,11,16,19,37
436. 10.05.1989 8,17,34,35,37
437. 17.05.1989 5,11,20,25,40
438. 24.05.1989 16,20,30,40,41
439. 31.05.1989 11,12,23,27,38
440. 07.06.1989 2,7,8,23,39
441. 14.06.1989 9,21,25,36,42
442. 21.06.1989 2,4,7,31,36
443. 28.06.1989 5,11,22,30,33
444. 05.07.1989 19,24,26,39,42
445. 12.07.1989 4,6,18,20,27
446. 19.07.1989 10,24,29,33,36
447. 26.07.1989 6,14,23,35,41
448. 02.08.1989 12,13,14,33,35
449. 09.08.1989 6,19,22,23,24
450. 16.08.1989 16,20,21,23,36
451. 23.08.1989 6,18,24,27,38
452. 30.08.1989 9,15,26,33,40
453. 06.09.1989 12,18,28,37,42
454. 13.09.1989 16,30,32,34,37
455. 20.09.1989 5,6,19,22,24
456. 27.09.1989 10,14,15,29,30
457. 11.10.1989 5,6,23,31,34
458. 18.10.1989 16,21,26,28,29
459. 25.10.1989 11,20,26,36,38
460. 01.11.1989 6,15,16,17,32
461. 08.11.1989 5,8,21,36,40
462. 15.11.1989 9,13,26,31,36
463. 22.11.1989 2,5,12,17,27
464. 29.11.1989 1,8,9,22,30
465. 06.12.1989 11,16,21,27,32
466. 13.12.1989 1,11,28,34,41
467. 20.12.1989 8,17,26,39,40
468. 27.12.1989 8,15,21,28,42
469. 03.01.1990 17,19,23,26,34
470. 10.01.1990 9,21,24,26,33
471. 17.01.1990 2,8,27,31,32
472. 24.01.1990 6,7,9,19,24
473. 31.01.1990 23,24,32,38,41
474. 07.02.1990 3,33,34,37,40
475. 14.02.1990 2,24,33,34,39
476. 21.02.1990 5,8,18,22,35
477. 28.02.1990 22,24,32,34,36
478. 07.03.1990 10,22,25,28,30
479. 14.03.1990 2,3,4,8,15
480. 21.03.1990 16,22,34,39,42
481. 28.03.1990 23,24,29,34,35
482. 04.04.1990 13,15,28,30,31
483. 11.04.1990 6,7,19,25,30
484. 18.04.1990 2,4,20,26,39
485. 25.04.1990 16,17,31,34,38
486. 02.05.1990 5,9,20,33,35
487. 09.05.1990 15,16,17,19,33
488. 16.05.1990 13,16,25,30,39
489. 23.05.1990 18,21,27,29,31
490. 30.05.1990 8,17,18,33,41
491. 06.06.1990 1,17,20,33,41
492. 13.06.1990 12,17,20,34,36
493. 20.06.1990 4,5,17,36,40
494. 27.06.1990 15,16,21,33,36
495. 04.07.1990 3,8,10,19,41
496. 11.07.1990 2,4,17,22,27
497. 18.07.1990 9,15,18,25,31
498. 25.07.1990 16,21,24,30,38
499. 01.08.1990 7,18,29,30,40
500. 08.08.1990 2,19,26,27,39
501. 15.08.1990 1,2,27,33,39
502. 22.08.1990 3,7,17,28,38
503. 29.08.1990 13,16,28,31,35
504. 05.09.1990 2,6,31,33,35
505. 12.09.1990 1,4,10,24,30
506. 19.09.1990 8,17,24,38,42
507. 26.09.1990 3,8,10,27,42
508. 03.10.1990 15,16,17,20,27
509. 10.10.1990 13,16,22,29,37
510. 17.10.1990 1,9,23,24,31
511. 24.10.1990 4,17,19,24,33
512. 31.10.1990 3,12,22,26,31
513. 07.11.1990 19,27,31,33,37
514. 14.11.1990 7,18,22,31,42
515. 21.11.1990 3,18,19,21,28
516. 28.11.1990 5,12,22,36,38
517. 05.12.1990 8,12,24,31,35
518. 12.12.1990 4,5,9,19,25
519. 19.12.1990 4,5,16,32,42
520. 26.12.1990 7,8,16,36,42
521. 02.01.1991 1,7,18,33,42
522. 09.01.1991 3,12,17,30,37
523. 16.01.1991 5,10,22,38,40
524. 23.01.1991 15,16,20,27,30
525. 30.01.1991 1,3,8,12,35
526. 06.02.1991 4,21,28,29,41
527. 13.02.1991 16,17,24,37,42
528. 20.02.1991 17,20,30,33,37
529. 27.02.1991 13,22,29,32,41
530. 06.03.1991 1,26,27,40,41
531. 13.03.1991 13,17,25,28,41
532. 20.03.1991 3,11,32,36,39
533. 27.03.1991 13,34,36,39,40
534. 03.04.1991 2,19,25,29,39
535. 10.04.1991 1,5,10,36,39
536. 17.04.1991 2,5,22,26,41
537. 24.04.1991 1,14,19,33,39
538. 01.05.1991 6,9,11,17,31
539. 08.05.1991 2,10,27,38,41
540. 15.05.1991 2,24,27,41,42
541. 22.05.1991 13,25,26,28,37
542. 29.05.1991 20,21,23,35,42
543. 05.06.1991 4,5,9,11,20
544. 12.06.1991 7,12,21,31,36
545. 19.06.1991 9,11,20,33,40
546. 26.06.1991 3,13,18,20,32
547. 03.07.1991 13,21,22,25,28
548. 10.07.1991 10,22,29,35,36
549. 17.07.1991 14,29,35,37,38
550. 24.07.1991 2,14,19,40,42
551. 31.07.1991 11,24,37,41,42
552. 07.08.1991 5,10,14,32,34
553. 14.08.1991 6,15,17,30,41
554. 21.08.1991 10,13,29,38,41
555. 28.08.1991 5,17,24,26,38
556. 04.09.1991 27,34,36,40,42
557. 11.09.1991 22,28,32,37,42
558. 18.09.1991 12,21,23,25,40
559. 25.09.1991 2,3,21,27,31
560. 02.10.1991 1,8,10,21,25
561. 09.10.1991 2,5,15,17,21
562. 16.10.1991 2,14,29,39,42
563. 23.10.1991 21,28,30,31,34
564. 30.10.1991 12,19,21,28,33
565. 06.11.1991 20,21,33,37,41
566. 13.11.1991 2,12,18,37,39
567. 20.11.1991 1,5,9,15,40
568. 27.11.1991 1,6,10,40,41
569. 04.12.1991 20,21,33,35,41
570. 11.12.1991 1,2,6,14,40
571. 18.12.1991 1,5,13,31,38
572. 25.12.1991 15,22,26,29,31
573. 01.01.1992 10,28,35,39,42
574. 08.01.1992 3,8,13,19,23
575. 15.01.1992 10,13,27,28,30
576. 22.01.1992 1,14,20,24,32
577. 29.01.1992 6,11,12,34,40
578. 05.02.1992 1,3,6,12,18
579. 12.02.1992 16,22,32,35,38
580. 19.02.1992 5,11,17,30,39
581. 26.02.1992 1,9,23,27,39
582. 04.03.1992 4,18,24,36,38
583. 11.03.1992 9,12,14,21,30
584. 18.03.1992 6,9,23,34,35
585. 25.03.1992 7,12,17,18,35
586. 01.04.1992 21,33,34,35,40
587. 08.04.1992 2,17,18,27,35
588. 15.04.1992 11,12,17,23,24
589. 22.04.1992 13,21,23,26,42
590. 29.04.1992 12,16,26,33,42
591. 06.05.1992 9,18,20,40,41
592. 13.05.1992 3,5,16,22,39
593. 20.05.1992 11,12,26,29,37
594. 27.05.1992 10,19,23,27,33
595. 03.06.1992 2,6,15,24,30
596. 10.06.1992 4,15,20,30,38
597. 17.06.1992 6,20,24,26,35
598. 24.06.1992 1,9,29,31,32
599. 01.07.1992 6,19,26,28,35
600. 08.07.1992 16,19,20,21,40
601. 15.07.1992 8,20,29,37,42
602. 22.07.1992 9,19,20,21,36
603. 29.07.1992 9,17,21,28,31
604. 05.08.1992 6,7,19,24,29
605. 12.08.1992 2,5,30,40,41
606. 19.08.1992 11,16,19,23,27
607. 26.08.1992 5,14,16,23,33
608. 02.09.1992 10,13,20,36,40
609. 09.09.1992 1,15,19,26,39
610. 16.09.1992 13,15,19,27,32
611. 23.09.1992 2,5,16,23,40
612. 30.09.1992 3,8,20,36,42
613. 07.10.1992 1,3,26,33,36
614. 14.10.1992 12,20,23,24,36
615. 21.10.1992 2,7,18,26,27
616. 28.10.1992 1,12,17,19,34
617. 04.11.1992 3,12,13,21,32
618. 11.11.1992 8,9,12,28,38
619. 18.11.1992 2,3,8,30,33
620. 25.11.1992 9,10,30,35,36
621. 02.12.1992 1,2,4,24,40
622. 09.12.1992 8,19,21,28,33
623. 16.12.1992 9,11,13,31,38
624. 23.12.1992 3,17,21,22,25
625. 30.12.1992 5,10,22,24,26
626. 06.01.1993 13,14,32,34,42
627. 13.01.1993 11,13,14,19,28
628. 20.01.1993 5,33,35,36,37
629. 27.01.1993 6,10,23,31,39
630. 03.02.1993 8,26,33,34,37
631. 10.02.1993 14,24,33,34,38
632. 17.02.1993 3,10,18,21,26
633. 24.02.1993 14,15,23,36,38
634. 03.03.1993 1,13,28,33,38
635. 10.03.1993 2,7,12,23,41
636. 17.03.1993 4,10,19,31,33
637. 24.03.1993 2,3,25,33,42
638. 31.03.1993 2,20,24,39,42
639. 07.04.1993 7,12,32,38,40
640. 14.04.1993 5,11,13,25,30
641. 21.04.1993 5,9,22,29,30
642. 28.04.1993 6,12,30,32,42
643. 05.05.1993 11,16,17,35,42
644. 12.05.1993 5,11,15,39,40
645. 19.05.1993 7,8,11,23,27
646. 26.05.1993 8,27,29,31,36
647. 02.06.1993 4,18,30,32,37
648. 09.06.1993 2,6,9,15,29
649. 16.06.1993 2,9,17,26,36
650. 23.06.1993 4,13,18,19,29
651. 30.06.1993 8,12,14,24,37
652. 07.07.1993 2,7,14,19,31
653. 14.07.1993 13,25,29,38,41
654. 21.07.1993 3,6,8,26,27
655. 28.07.1993 7,18,27,35,41
656. 04.08.1993 6,13,19,25,31
657. 11.08.1993 8,19,30,33,41
658. 18.08.1993 11,18,19,25,35
659. 25.08.1993 4,9,12,16,20
660. 01.09.1993 11,16,24,28,38
661. 08.09.1993 7,21,25,29,35
662. 15.09.1993 6,13,17,24,36
663. 22.09.1993 10,13,31,35,37
664. 29.09.1993 27,30,37,40,41
665. 06.10.1993 18,19,29,31,41
666. 13.10.1993 2,23,30,34,40
667. 20.10.1993 2,3,12,15,21
668. 27.10.1993 12,24,29,30,33
669. 03.11.1993 18,19,23,25,29
670. 10.11.1993 10,13,21,23,32
671. 17.11.1993 2,5,6,13,21
672. 24.11.1993 6,8,9,11,21
673. 01.12.1993 11,23,30,37,42
674. 08.12.1993 13,15,16,19,33
675. 15.12.1993 5,23,27,32,40
676. 22.12.1993 3,20,31,34,35
677. 29.12.1993 2,8,18,24,32
678. 05.01.1994 5,11,19,30,31
679. 12.01.1994 4,6,15,35,36
680. 19.01.1994 20,25,31,32,36
681. 26.01.1994 2,32,34,36,42
682. 02.02.1994 7,16,25,32,41
683. 09.02.1994 8,20,28,37,40
684. 16.02.1994 21,29,33,35,42
685. 23.02.1994 8,11,19,20,34
686. 02.03.1994 7,12,13,15,40
687. 09.03.1994 7,24,32,36,41
688. 16.03.1994 12,27,33,35,37
689. 23.03.1994 3,4,17,23,37
690. 30.03.1994 4,8,11,18,28
691. 06.04.1994 18,27,31,34,36
692. 13.04.1994 2,10,14,18,28
693. 20.04.1994 4,7,24,30,35
694. 27.04.1994 6,15,38,40,41
695. 04.05.1994 3,8,14,19,32
696. 11.05.1994 1,8,10,33,34
697. 18.05.1994 6,18,20,27,33
698. 25.05.1994 13,14,15,23,39
699. 01.06.1994 1,9,11,33,39
700. 08.06.1994 13,14,18,25,40
701. 15.06.1994 4,21,23,25,27
702. 22.06.1994 10,18,27,30,41
703. 29.06.1994 3,12,27,36,41
704. 06.07.1994 11,15,18,25,31
705. 13.07.1994 15,29,30,32,41
706. 20.07.1994 11,16,26,37,39
707. 27.07.1994 5,6,11,17,42
708. 03.08.1994 8,14,18,26,41
709. 10.08.1994 5,17,22,30,40
710. 17.08.1994 8,21,25,33,36
711. 24.08.1994 17,21,23,27,30
712. 31.08.1994 2,16,23,30,37
713. 07.09.1994 4,15,17,36,37
714. 14.09.1994 7,18,29,32,35
715. 21.09.1994 17,19,20,30,31
716. 28.09.1994 16,19,20,23,37
717. 05.10.1994 2,5,15,33,36
718. 12.10.1994 3,23,31,37,38
719. 19.10.1994 2,5,6,10,41
720. 26.10.1994 17,27,31,35,41
721. 02.11.1994 7,11,20,21,32
722. 09.11.1994 2,9,28,29,36
723. 16.11.1994 9,15,16,24,28
724. 23.11.1994 3,17,25,28,40
725. 30.11.1994 2,6,13,23,42
726. 07.12.1994 7,8,10,17,22
727. 14.12.1994 6,17,25,38,41
728. 21.12.1994 25,29,31,32,34
729. 28.12.1994 5,22,26,28,42
730. 04.01.1995 1,8,22,34,40
731. 07.01.1995 1,4,22,35,41
732. 11.01.1995 5,11,20,22,36
733. 14.01.1995 7,9,15,28,33
734. 18.01.1995 15,19,30,31,32
735. 21.01.1995 5,11,17,21,38
736. 25.01.1995 4,13,14,31,41
737. 28.01.1995 5,7,20,29,37
738. 01.02.1995 4,7,27,38,41
739. 04.02.1995 2,4,17,35,37
740. 08.02.1995 2,3,17,20,41
741. 11.02.1995 6,11,17,34,38
742. 15.02.1995 4,6,16,30,39
743. 18.02.1995 1,12,22,35,36
744. 22.02.1995 6,7,23,27,28
745. 25.02.1995 10,13,27,28,33
746. 01.03.1995 4,9,21,35,41
747. 04.03.1995 8,11,16,25,28
748. 08.03.1995 1,19,20,31,33
749. 11.03.1995 7,11,13,18,36
750. 15.03.1995 7,12,14,15,42
751. 18.03.1995 5,14,23,31,35
752. 22.03.1995 1,3,10,13,35
753. 25.03.1995 2,24,31,32,40
754. 29.03.1995 4,20,24,34,41
755. 01.04.1995 3,8,23,32,34
756. 05.04.1995 4,12,26,33,42
757. 08.04.1995 3,14,26,28,31
758. 12.04.1995 4,7,25,30,39
759. 15.04.1995 11,14,15,20,36
760. 19.04.1995 7,11,20,26,32
761. 22.04.1995 7,12,14,23,34
762. 26.04.1995 1,19,22,29,42
763. 29.04.1995 9,26,29,34,42
764. 03.05.1995 20,24,34,41,42
765. 06.05.1995 14,17,19,31,32
766. 10.05.1995 5,19,23,29,37
767. 13.05.1995 17,21,30,39,41
768. 17.05.1995 17,26,34,39,40
769. 20.05.1995 3,11,13,22,27
770. 24.05.1995 11,16,19,34,42
771. 27.05.1995 2,18,22,27,30
772. 31.05.1995 4,16,21,23,26
773. 03.06.1995 1,6,17,21,29
774. 07.06.1995 3,8,12,29,32
775. 10.06.1995 17,22,24,35,41
776. 14.06.1995 9,29,32,33,34
777. 17.06.1995 2,8,21,27,29
778. 21.06.1995 3,18,26,32,40
779. 24.06.1995 15,20,21,27,35
780. 28.06.1995 5,10,11,22,42
781. 01.07.1995 9,16,17,31,37
782. 05.07.1995 6,9,12,27,37
783. 08.07.1995 10,21,39,40,42
784. 12.07.1995 8,21,25,35,37
785. 15.07.1995 8,14,16,17,29
786. 19.07.1995 5,6,17,38,39
787. 22.07.1995 4,8,11,14,42
788. 26.07.1995 3,10,22,32,40
789. 29.07.1995 13,24,25,33,40
790. 02.08.1995 9,12,18,31,33
791. 05.08.1995 3,15,21,27,41
792. 09.08.1995 4,9,17,32,35
793. 12.08.1995 13,18,37,40,42
794. 16.08.1995 13,22,27,37,40
795. 19.08.1995 1,7,22,24,34
796. 23.08.1995 18,26,27,30,36
797. 26.08.1995 24,36,38,39,41
798. 30.08.1995 5,6,23,34,39
799. 02.09.1995 3,20,23,28,33
800. 06.09.1995 20,26,28,29,41
801. 09.09.1995 6,14,15,19,30
802. 13.09.1995 11,18,19,30,35
803. 16.09.1995 3,9,29,30,37
804. 20.09.1995 13,17,24,33,35
805. 23.09.1995 2,4,5,11,40
806. 27.09.1995 17,25,38,41,42
807. 30.09.1995 5,7,11,12,37
808. 04.10.1995 6,13,20,33,38
809. 07.10.1995 7,13,23,25,41
810. 11.10.1995 3,16,18,25,40
811. 14.10.1995 4,8,10,33,39
812. 18.10.1995 7,13,20,26,34
813. 21.10.1995 9,20,31,38,41
814. 25.10.1995 1,4,16,21,39
815. 28.10.1995 5,17,27,36,38
816. 01.11.1995 2,4,18,26,39
817. 04.11.1995 15,18,21,37,40
818. 08.11.1995 1,8,13,21,33
819. 11.11.1995 12,15,19,32,39
820. 15.11.1995 1,8,14,16,40
821. 18.11.1995 8,14,17,35,42
822. 22.11.1995 4,9,22,26,39
823. 25.11.1995 13,16,22,32,42
824. 29.11.1995 5,16,18,22,30
825. 02.12.1995 8,13,18,19,32
826. 06.12.1995 7,18,24,33,35
827. 09.12.1995 4,7,16,25,42
828. 13.12.1995 21,22,23,28,39
829. 16.12.1995 4,9,16,22,29
830. 20.12.1995 20,22,24,26,37
831. 23.12.1995 3,7,13,33,39
832. 27.12.1995 4,12,18,20,38
833. 30.12.1995 7,11,18,23,25
834. 03.01.1996 4,23,26,27,38
835. 06.01.1996 3,15,17,23,28
836. 10.01.1996 11,19,26,34,36
837. 13.01.1996 9,11,17,30,33
838. 17.01.1996 5,12,29,31,35
839. 20.01.1996 4,18,25,30,41
840. 24.01.1996 4,16,20,29,38
841. 27.01.1996 16,17,20,27,29
842. 31.01.1996 4,5,20,27,41
843. 03.02.1996 12,23,31,34,39
844. 07.02.1996 1,5,13,37,39
845. 10.02.1996 7,9,21,26,34
846. 14.02.1996 3,9,11,22,39
847. 17.02.1996 8,18,21,33,36
848. 21.02.1996 11,13,31,39,41
849. 24.02.1996 2,21,25,30,31
850. 28.02.1996 9,10,17,18,37
851. 02.03.1996 17,19,29,36,40
852. 06.03.1996 10,11,23,24,42
853. 09.03.1996 1,7,8,10,23
854. 13.03.1996 2,5,16,35,42
855. 16.03.1996 7,10,20,24,35
856. 20.03.1996 7,9,12,24,37
857. 23.03.1996 1,5,10,24,29
858. 27.03.1996 1,18,30,32,37
859. 30.03.1996 4,11,19,28,42
860. 03.04.1996 4,16,22,23,25
861. 06.04.1996 7,11,21,23,24
862. 10.04.1996 5,10,16,23,28
863. 13.04.1996 10,19,30,34,38
864. 17.04.1996 3,13,17,35,39
865. 20.04.1996 8,10,17,18,33
866. 24.04.1996 12,30,31,37,39
867. 27.04.1996 20,29,35,37,38
868. 01.05.1996 4,19,21,31,37
869. 04.05.1996 12,15,22,25,34
870. 08.05.1996 5,8,10,14,41
871. 11.05.1996 13,21,29,32,38
872. 15.05.1996 4,5,10,11,30
873. 18.05.1996 2,11,14,36,42
874. 22.05.1996 6,17,23,29,37
875. 25.05.1996 9,10,28,31,37
876. 29.05.1996 12,16,27,33,34
877. 01.06.1996 2,5,15,17,38
878. 05.06.1996 1,29,33,34,39
879. 08.06.1996 7,10,31,32,36
880. 12.06.1996 7,25,30,32,36
881. 15.06.1996 11,18,22,30,38
882. 19.06.1996 6,8,26,29,37
883. 22.06.1996 10,21,22,23,36
884. 26.06.1996 20,21,22,25,28
885. 29.06.1996 3,9,15,21,30
886. 03.07.1996 6,19,21,33,41
887. 06.07.1996 20,27,35,37,41
888. 10.07.1996 1,21,25,32,36
889. 13.07.1996 9,15,22,23,33
890. 17.07.1996 10,16,21,25,32
891. 20.07.1996 3,11,21,29,34
892. 24.07.1996 13,14,19,30,41
893. 27.07.1996 9,15,16,28,36
894. 31.07.1996 10,13,27,36,39
895. 03.08.1996 6,11,21,25,39
896. 07.08.1996 2,9,13,38,39
897. 10.08.1996 3,6,9,40,41
898. 14.08.1996 5,17,26,27,37
899. 17.08.1996 27,28,29,39,41
900. 21.08.1996 2,22,27,30,33
901. 24.08.1996 7,26,36,37,42
902. 28.08.1996 25,29,30,32,34
903. 31.08.1996 15,20,22,36,37
904. 04.09.1996 12,22,29,31,40
905. 07.09.1996 8,16,18,19,38
906. 11.09.1996 6,21,22,27,41
907. 14.09.1996 4,8,17,18,31
908. 18.09.1996 12,13,15,29,40
909. 21.09.1996 2,6,14,22,32
910. 25.09.1996 2,6,7,22,24
911. 28.09.1996 1,28,31,33,37
912. 02.10.1996 1,21,24,30,38
913. 05.10.1996 2,6,12,33,37
914. 09.10.1996 15,22,30,32,33
915. 12.10.1996 2,3,4,14,32
916. 16.10.1996 3,4,18,36,42
917. 19.10.1996 6,15,18,21,30
918. 23.10.1996 15,22,32,34,36
919. 26.10.1996 8,16,26,28,32
920. 30.10.1996 3,7,20,22,36
921. 02.11.1996 13,16,24,35,37
922. 06.11.1996 7,8,17,27,35
923. 09.11.1996 7,19,20,21,38
924. 13.11.1996 8,18,28,35,37
925. 16.11.1996 21,26,30,34,39
926. 20.11.1996 1,6,18,23,39
927. 23.11.1996 6,17,28,35,38
928. 27.11.1996 14,15,17,29,38
929. 30.11.1996 3,6,7,34,38
930. 04.12.1996 9,18,23,27,33
931. 07.12.1996 8,14,15,28,39
932. 11.12.1996 1,9,11,22,33
933. 14.12.1996 7,14,22,40,41
934. 18.12.1996 20,22,24,26,29
935. 21.12.1996 5,22,30,31,34
936. 25.12.1996 1,11,15,19,28
937. 28.12.1996 14,19,23,30,40
938. 01.01.1997 5,15,30,34,39
939. 04.01.1997 7,8,27,39,42
940. 08.01.1997 2,7,8,13,14
941. 11.01.1997 6,33,37,38,40
942. 15.01.1997 1,5,15,30,37
943. 18.01.1997 9,20,22,31,41
944. 22.01.1997 3,12,16,21,38
945. 25.01.1997 2,9,17,26,29
946. 29.01.1997 3,17,25,26,29
947. 01.02.1997 4,21,35,36,38
948. 05.02.1997 2,14,17,34,41
949. 08.02.1997 24,26,28,31,42
950. 12.02.1997 7,8,11,18,39
951. 15.02.1997 3,15,23,31,35
952. 19.02.1997 20,26,31,32,35
953. 22.02.1997 4,14,18,19,21
954. 26.02.1997 11,17,26,31,39
955. 01.03.1997 5,15,27,30,31
956. 05.03.1997 6,11,22,38,42
957. 08.03.1997 1,4,19,26,30
958. 12.03.1997 4,7,25,31,39
959. 15.03.1997 4,12,13,29,36
960. 19.03.1997 1,3,4,24,29
961. 22.03.1997 4,7,17,23,26
962. 26.03.1997 14,17,18,25,29
963. 29.03.1997 9,14,27,40,41
964. 02.04.1997 1,9,15,22,34
965. 05.04.1997 22,23,29,38,42
966. 09.04.1997 6,8,25,32,38
967. 12.04.1997 2,3,11,29,40
968. 16.04.1997 15,16,22,26,30
969. 19.04.1997 6,8,9,11,15
970. 23.04.1997 21,27,30,39,40
971. 26.04.1997 2,7,18,26,28
972. 30.04.1997 1,22,23,38,39
973. 03.05.1997 29,30,34,36,41
974. 07.05.1997 3,23,30,36,40
975. 10.05.1997 13,15,22,29,30
976. 14.05.1997 9,26,30,35,42
977. 17.05.1997 14,23,26,33,40
978. 21.05.1997 5,23,25,33,39
979. 24.05.1997 11,14,20,23,34
980. 28.05.1997 5,10,14,19,26
981. 31.05.1997 14,21,30,37,42
982. 04.06.1997 2,11,22,28,29
983. 07.06.1997 1,25,32,37,39
984. 11.06.1997 5,26,28,30,37
985. 14.06.1997 1,13,18,26,41
986. 18.06.1997 5,8,20,22,40
987. 21.06.1997 1,2,14,25,35
988. 25.06.1997 6,7,8,21,41
989. 28.06.1997 5,9,15,16,33
990. 02.07.1997 14,27,35,39,42
991. 05.07.1997 4,15,16,22,30
992. 09.07.1997 1,2,7,10,32
993. 12.07.1997 5,17,23,29,37
994. 16.07.1997 5,24,25,30,39
995. 19.07.1997 8,13,20,26,37
996. 23.07.1997 15,21,30,34,38
997. 26.07.1997 1,3,22,29,42
998. 30.07.1997 10,17,20,25,40
999. 02.08.1997 14,22,27,32,35
1000. 06.08.1997 6,26,30,36,39
1001. 09.08.1997 1,16,23,28,40
1002. 13.08.1997 10,14,20,33,41
1003. 16.08.1997 7,9,25,28,35
1004. 20.08.1997 4,7,15,21,30
1005. 23.08.1997 5,9,19,22,23
1006. 27.08.1997 1,5,7,17,32
1007. 30.08.1997 15,18,19,27,33
1008. 03.09.1997 4,8,21,23,35
1009. 06.09.1997 6,9,21,23,39
1010. 10.09.1997 10,14,21,26,36
1011. 13.09.1997 7,11,26,32,35
1012. 17.09.1997 1,2,5,6,23
1013. 20.09.1997 1,8,29,37,42
1014. 24.09.1997 9,10,15,34,39
1015. 27.09.1997 12,22,28,34,41
1016. 01.10.1997 14,16,32,34,36
1017. 04.10.1997 1,9,16,24,30
1018. 08.10.1997 11,13,24,25,35
1019. 11.10.1997 25,26,36,40,42
1020. 15.10.1997 2,16,22,24,41
1021. 18.10.1997 6,7,10,16,41
1022. 22.10.1997 2,12,14,19,28
1023. 25.10.1997 9,10,11,24,39
1024. 29.10.1997 1,8,18,25,30
1025. 01.11.1997 10,17,21,28,33
1026. 05.11.1997 3,8,32,34,42
1027. 08.11.1997 3,5,6,7,20
1028. 12.11.1997 1,13,24,28,29
1029. 15.11.1997 4,7,11,27,34
1030. 19.11.1997 3,8,15,21,24
1031. 22.11.1997 7,19,25,37,39
1032. 26.11.1997 10,25,28,31,40
1033. 29.11.1997 7,15,18,25,33
1034. 03.12.1997 2,10,11,18,19
1035. 06.12.1997 4,5,8,18,35
1036. 10.12.1997 4,5,13,15,18
1037. 13.12.1997 1,7,8,9,18
1038. 17.12.1997 3,6,10,35,38
1039. 20.12.1997 1,12,16,25,37
1040. 24.12.1997 6,22,29,30,31
1041. 27.12.1997 2,9,17,22,40
1042. 31.12.1997 13,18,35,39,41
1043. 03.01.1998 5,10,13,16,31
1044. 07.01.1998 11,20,27,28,33
1045. 10.01.1998 5,22,29,38,40
1046. 14.01.1998 11,17,19,21,39
1047. 17.01.1998 6,18,28,36,39
1048. 26.08.2000 15,31,33,39,41
1049. 30.08.2000 2,8,19,34,42
1050. 02.09.2000 6,15,17,23,36
1051. 06.09.2000 2,8,14,16,29
1052. 09.09.2000 18,29,30,31,33
1053. 13.09.2000 8,15,21,35,39
1054. 16.09.2000 4,14,17,25,35
1055. 20.09.2000 24,29,33,34,41
1056. 23.09.2000 4,17,23,29,41
1057. 27.09.2000 17,18,30,32,34
1058. 30.09.2000 8,21,36,41,42
1059. 04.10.2000 5,6,17,29,33
1060. 07.10.2000 7,15,16,22,30
1061. 11.10.2000 7,19,23,27,36
1062. 14.10.2000 5,19,31,32,33
1063. 18.10.2000 2,21,26,30,33
1064. 21.10.2000 10,33,37,38,41
1065. 25.10.2000 19,23,25,36,38
1066. 28.10.2000 11,13,17,21,28
1067. 01.11.2000 7,11,14,25,35
1068. 04.11.2000 7,10,15,27,30
1069. 08.11.2000 14,23,31,35,39
1070. 11.11.2000 5,13,38,39,41
1071. 15.11.2000 9,21,27,36,41
1072. 18.11.2000 3,26,27,28,34
1073. 22.11.2000 4,8,29,31,32
1074. 25.11.2000 4,5,12,14,40
1075. 29.11.2000 19,22,26,28,40
1076. 02.12.2000 7,10,11,17,22
1077. 06.12.2000 6,12,18,27,33
1078. 09.12.2000 2,7,15,29,33
1079. 13.12.2000 6,24,25,40,42
1080. 16.12.2000 5,18,21,29,36
1081. 20.12.2000 1,20,28,35,39
1082. 23.12.2000 4,6,13,14,34
1083. 27.12.2000 6,7,20,36,41
1084. 30.12.2000 16,21,24,37,38
1085. 03.01.2001 5,8,20,25,40
1086. 06.01.2001 3,9,23,29,41
1087. 10.01.2001 5,22,28,30,38
1088. 13.01.2001 11,15,22,34,41
1089. 17.01.2001 9,10,18,20,24
1090. 20.01.2001 10,24,30,34,41
1091. 24.01.2001 3,9,15,19,34
1092. 27.01.2001 2,9,12,30,40
1093. 31.01.2001 1,9,12,18,38
1094. 03.02.2001 16,18,19,20,23
1095. 07.02.2001 1,7,12,24,30
1096. 10.02.2001 11,12,13,34,38
1097. 14.02.2001 3,7,23,24,30
1098. 17.02.2001 1,8,25,27,30
1099. 21.02.2001 13,18,24,31,40
1100. 24.02.2001 7,8,33,39,40
1101. 28.02.2001 1,4,13,15,28
1102. 03.03.2001 13,18,19,27,40
1103. 07.03.2001 16,18,24,28,42
1104. 10.03.2001 9,22,26,30,40
1105. 14.03.2001 1,10,11,28,29
1106. 17.03.2001 9,16,31,36,38
1107. 21.03.2001 11,13,22,23,34
1108. 24.03.2001 2,3,17,29,31
1109. 28.03.2001 2,10,13,20,21
1110. 31.03.2001 12,18,29,30,39
1111. 04.04.2001 2,5,10,24,42
1112. 07.04.2001 2,12,17,23,33
1113. 11.04.2001 6,24,32,35,41
1114. 14.04.2001 5,19,21,37,38
1115. 18.04.2001 3,21,26,30,31
1116. 21.04.2001 1,5,10,17,21
1117. 25.04.2001 17,24,25,27,42
1118. 28.04.2001 6,16,23,39,41
1119. 02.05.2001 1,10,20,26,27
1120. 05.05.2001 11,21,25,30,33
1121. 09.05.2001 1,4,25,26,37
1122. 12.05.2001 10,21,33,37,42
1123. 16.05.2001 1,2,21,27,28
1124. 19.05.2001 4,7,8,10,23
1125. 23.05.2001 2,7,11,36,42
1126. 26.05.2001 9,16,17,24,29
1127. 30.05.2001 7,12,15,21,28
1128. 02.06.2001 12,14,16,30,33
1129. 06.06.2001 6,10,11,34,36
1130. 09.06.2001 1,2,16,29,35
1131. 13.06.2001 6,19,34,39,40
1132. 16.06.2001 8,14,37,39,42
1133. 20.06.2001 3,8,15,20,31
1134. 23.06.2001 24,26,31,32,36
1135. 27.06.2001 30,32,35,36,39
1136. 30.06.2001 6,11,18,30,42
1137. 04.07.2001 2,3,8,28,42
1138. 07.07.2001 1,17,27,31,42
1139. 11.07.2001 8,11,26,34,39
1140. 14.07.2001 2,6,24,31,37
1141. 18.07.2001 9,28,29,30,37
1142. 21.07.2001 11,13,14,35,41
1143. 25.07.2001 7,10,19,22,29
1144. 28.07.2001 8,33,38,39,42
1145. 01.08.2001 2,3,11,19,34
1146. 04.08.2001 2,5,10,11,18
1147. 08.08.2001 2,16,28,30,36
1148. 11.08.2001 8,31,36,38,42
1149. 15.08.2001 17,19,20,21,42
1150. 18.08.2001 10,22,34,38,39
1151. 22.08.2001 10,23,29,37,39
1152. 25.08.2001 8,14,28,33,39
1153. 29.08.2001 4,28,29,36,42
1154. 01.09.2001 2,9,11,21,24
1155. 05.09.2001 2,3,4,16,36
1156. 08.09.2001 1,23,26,28,39
1157. 12.09.2001 2,7,10,24,34
1158. 15.09.2001 13,20,28,30,40
1159. 19.09.2001 2,5,8,32,39
1160. 22.09.2001 13,17,27,31,39
1161. 26.09.2001 1,6,26,30,32
1162. 29.09.2001 6,13,21,23,34
1163. 03.10.2001 6,12,20,29,37
1164. 06.10.2001 1,8,16,29,33
1165. 10.10.2001 2,5,11,12,40
1166. 13.10.2001 1,8,10,19,23
1167. 17.10.2001 7,15,17,39,42
1168. 20.10.2001 1,23,36,37,42
1169. 24.10.2001 6,8,12,15,23
1170. 27.10.2001 3,11,21,22,24
1171. 31.10.2001 18,26,33,34,40
1172. 03.11.2001 4,16,20,31,38
1173. 07.11.2001 5,10,24,27,42
1174. 10.11.2001 4,14,27,28,36
1175. 14.11.2001 1,5,31,38,42
1176. 17.11.2001 10,23,25,33,42
1177. 21.11.2001 8,14,33,34,42
1178. 24.11.2001 7,28,34,36,38
1179. 28.11.2001 16,17,26,27,42
1180. 01.12.2001 4,13,14,19,25
1181. 05.12.2001 3,5,12,22,31
1182. 08.12.2001 7,18,29,33,40
1183. 12.12.2001 5,9,14,23,37
1184. 15.12.2001 10,17,22,27,40
1185. 19.12.2001 4,21,34,35,39
1186. 22.12.2001 2,18,21,24,26
1187. 26.12.2001 13,17,19,22,23
1188. 29.12.2001 6,9,13,20,29
1189. 02.01.2002 6,8,15,33,40
1190. 05.01.2002 4,13,15,26,40
1191. 09.01.2002 5,11,16,17,36
1192. 12.01.2002 17,20,21,27,40
1193. 16.01.2002 21,22,35,36,42
1194. 19.01.2002 2,30,32,33,38
1195. 23.01.2002 9,10,18,31,35
1196. 26.01.2002 2,22,29,35,38
1197. 30.01.2002 3,5,19,25,42
1198. 02.02.2002 2,6,19,39,42
1199. 06.02.2002 4,9,14,21,37
1200. 09.02.2002 2,17,18,23,37
1201. 13.02.2002 1,5,23,27,30
1202. 16.02.2002 18,20,31,33,37
1203. 20.02.2002 16,23,27,29,41
1204. 23.02.2002 5,7,9,32,40
1205. 27.02.2002 20,27,29,32,36
1206. 02.03.2002 13,15,33,34,42
1207. 06.03.2002 3,5,10,12,29
1208. 09.03.2002 20,23,33,39,40
1209. 13.03.2002 12,17,24,37,42
1210. 16.03.2002 2,3,6,33,40
1211. 20.03.2002 6,14,19,38,40
1212. 23.03.2002 1,7,32,35,38
1213. 27.03.2002 4,9,10,24,36
1214. 30.03.2002 7,11,13,31,39
1215. 03.04.2002 16,24,27,37,39
1216. 06.04.2002 3,7,14,20,31
1217. 10.04.2002 4,5,31,39,41
1218. 13.04.2002 1,3,19,20,31
1219. 17.04.2002 9,10,12,34,40
1220. 20.04.2002 11,25,31,35,38
1221. 24.04.2002 2,20,28,39,41
1222. 27.04.2002 7,17,21,30,35
1223. 01.05.2002 